-2,31,50,9,36,-2,6,5,-4,6,-1,0,6,-4,-869,3937,-284,-30,21,12,163243
-2,29,49,11,38,-2,6,4,-4,6,-3,2,7,-3,-872,3937,-280,-31,22,12,163243
-4,28,50,9,37,-4,5,5,-4,7,-3,0,6,-4,-869,3937,-282,-31,19,12,163243
-3,30,49,9,37,-3,7,5,-3,7,-4,2,6,-3,-869,3938,-283,-31,22,12,163243
-2,29,51,11,38,-3,7,6,-4,8,-1,1,6,-4,-869,3935,-277,-30,20,10,163243
-3,28,50,9,36,-3,6,4,-3,7,-3,0,5,-3,-871,3939,-278,-30,19,13,163243
-2,28,50,11,37,-2,6,6,-3,9,-2,0,6,-4,-872,3937,-276,-32,20,14,163243
-3,27,49,11,36,-3,7,5,-5,8,-4,0,6,-3,-871,3938,-277,-32,20,12,163243
-4,28,49,9,37,-2,7,5,-5,8,-5,2,5,-3,-874,3942,-273,-32,21,13,163243
-1,29,50,10,37,-1,6,5,-4,7,-3,1,6,-3,-871,3939,-277,-30,21,15,163243
-3,28,50,11,36,-3,8,4,-5,5,-4,0,6,-3,-870,3937,-278,-28,21,21,163243
-2,27,50,11,37,-3,6,4,-4,7,-2,2,8,-3,-868,3939,-276,-28,21,20,163243
-2,27,49,11,37,-2,8,4,-5,7,-4,1,6,-1,-865,3939,-278,-23,21,21,163243
-3,26,47,11,38,-3,7,4,-4,8,-4,1,7,-2,-865,3943,-275,-23,22,22,163243
-3,26,48,11,38,-2,6,5,-3,8,-4,0,6,-2,-863,3941,-277,-22,21,19,163243
-3,25,49,11,38,-2,7,6,-4,8,-4,1,7,-4,-863,3938,-283,-28,24,14,163243
-4,27,47,10,38,-3,6,3,-4,6,-3,1,5,-3,-863,3942,-279,-25,23,16,163243
-4,27,48,9,38,-5,7,4,-3,7,-4,-1,6,-5,-860,3936,-283,-28,20,14,163243
-3,26,46,10,36,-1,6,3,-4,6,-4,-3,7,-4,-860,3939,-281,-26,20,17,163244
-2,27,48,12,37,-4,5,3,-5,7,-3,2,5,-2,-861,3939,-283,-29,17,17,163244
-4,26,47,10,38,-2,6,5,-3,7,-2,0,5,-3,-856,3940,-285,-28,21,17,163244
-2,26,47,9,39,-2,7,5,-4,6,-4,1,6,-4,-856,3941,-282,-25,22,14,163244
-2,25,46,9,38,-3,5,4,-3,8,-4,1,7,-3,-857,3938,-285,-29,20,11,163244
0,26,47,10,37,-1,5,5,-4,7,-4,0,6,-3,-858,3939,-282,-32,19,8,163244
-2,26,47,10,38,-2,5,4,-5,6,-5,0,6,-5,-857,3939,-285,-32,20,10,163244
-1,25,47,11,38,-4,4,5,-4,8,-4,1,6,-3,-858,3940,-281,-32,20,8,163244
-5,26,47,11,39,-3,6,4,-5,7,-3,0,6,-3,-860,3940,-284,-33,21,10,163244
-3,28,50,12,38,-3,6,6,-4,9,-3,3,5,-4,-860,3945,-278,-30,20,13,163244
-5,26,48,11,37,-3,6,5,-4,7,-3,2,6,-4,-861,3937,-281,-28,19,14,163244
-3,28,49,11,38,-1,8,6,-2,8,-3,2,7,-2,-858,3944,-273,-26,20,18,163244
-2,30,49,10,38,-3,6,3,-3,9,-3,0,6,-2,-857,3942,-281,-25,20,18,163244
-2,27,48,11,37,-3,6,4,-5,9,-3,2,7,-3,-858,3937,-282,-28,21,18,163244
-2,29,49,12,36,-3,7,5,-3,8,-5,-1,7,-4,-856,3940,-283,-31,20,17,163244
-4,27,47,12,36,-1,7,5,-5,7,-4,-1,6,-4,-854,3938,-283,-32,21,14,163244
-3,27,49,10,39,-1,6,5,-4,7,-4,1,5,-3,-858,3943,-276,-27,21,12,163244
-2,27,47,11,38,-3,6,3,-4,7,-4,2,7,-4,-858,3938,-282,-28,22,12,163244
-2,28,47,10,38,-3,6,4,-4,9,-3,1,5,-4,-857,3940,-282,-28,20,12,163245
-2,26,48,11,37,-2,7,5,-4,7,-3,1,6,-4,-853,3936,-282,-31,21,10,163245
-3,27,49,10,38,-3,6,3,-5,7,-4,1,5,-3,-859,3943,-278,-28,20,11,163245
-3,27,49,10,37,-4,6,4,-4,6,-4,0,5,-3,-857,3938,-284,-34,20,9,163245
-1,27,50,10,37,-2,5,3,-3,8,-4,0,7,-4,-859,3938,-280,-30,22,10,163245
-3,28,49,10,39,-2,7,4,-4,6,-4,2,6,-3,-858,3940,-279,-31,22,11,163245
-2,28,49,10,36,-3,7,5,-5,6,-3,2,6,-2,-862,3943,-276,-26,20,17,163245
-1,28,48,10,38,-2,6,5,-3,7,-4,4,6,-4,-857,3941,-279,-28,21,13,163245
-2,28,50,10,38,-3,7,5,-4,7,-4,1,7,-3,-856,3939,-283,-31,21,14,163245
-2,27,48,11,38,-4,7,4,-3,8,-2,1,7,-3,-861,3938,-277,-27,20,13,163245
-2,30,49,11,38,-1,6,6,-3,8,-3,2,8,-3,-860,3938,-279,-31,22,14,163245
-1,27,49,11,37,-3,5,4,-4,8,-4,1,6,-4,-858,3940,-278,-29,21,13,163245
-2,26,50,11,36,-2,7,5,-5,7,-4,1,7,-2,-858,3940,-279,-31,19,15,163245
-3,28,48,11,39,-4,6,4,-4,8,-5,1,7,-5,-858,3939,-278,-28,19,13,163245
-2,27,48,10,37,-2,7,4,-5,7,-3,2,5,-4,-862,3938,-276,-27,34,12,163245
-1,27,49,10,39,-3,6,5,-4,7,-4,2,6,-2,-859,3935,-286,-41,34,13,163245
-3,29,49,10,39,-3,6,5,-5,8,-3,1,6,-3,-856,3951,-272,-16,25,13,163245
-1,28,49,10,37,-3,7,4,-4,7,-3,1,7,-3,-855,3937,-289,-27,20,12,163245
-2,27,49,11,36,-3,8,4,-3,8,-4,0,5,-3,-857,3941,-282,-24,13,12,163245
-3,28,49,10,38,-3,6,6,-3,7,-5,1,5,-4,-857,3938,-285,-23,12,15,163245
-2,28,47,12,37,-3,7,5,-5,7,-4,1,5,-4,-852,3932,-292,-31,14,11,163245
-2,27,50,11,38,-3,7,4,-6,7,-4,2,7,-3,-857,3941,-286,-26,9,14,163246
-2,27,49,10,38,-3,7,4,-5,8,-3,1,6,-3,-858,3939,-278,-29,5,15,163246
-3,27,47,11,38,-4,7,5,-5,8,-4,2,7,-5,-855,3930,-288,-29,4,14,163246
-3,28,47,11,39,-4,7,4,-5,6,-3,2,5,-5,-862,3943,-277,-28,11,12,163246
-2,29,49,10,37,-3,5,5,-2,7,-2,2,6,-3,-860,3948,-278,-14,9,16,163246
-3,30,48,10,38,-3,7,5,-4,9,-3,2,6,-3,-855,3938,-290,-25,3,17,163246
-4,26,47,12,38,-2,7,5,-5,7,-4,0,6,-3,-858,3939,-287,-28,5,17,163246
-2,28,47,10,37,-3,7,4,-3,8,-3,2,7,-5,-857,3940,-283,-28,9,19,163246
-2,27,47,10,37,-4,7,5,-5,7,-5,1,6,-3,-857,3936,-288,-33,12,16,163246
-3,27,46,11,38,-2,8,4,-5,7,-4,-1,7,-5,-859,3946,-280,-27,19,19,163246
0,26,47,10,38,-2,6,5,-4,7,-3,0,5,-5,-852,3938,-282,-36,27,15,163246
-4,29,47,10,37,-3,6,4,-5,7,-4,1,5,-3,-851,3935,-283,-38,28,11,163246
-3,27,49,10,37,-3,6,6,-4,7,-5,1,5,-5,-851,3938,-277,-35,26,11,163246
-2,28,47,10,37,-2,7,6,-4,8,-3,0,7,-3,-850,3939,-280,-38,26,8,163246
-2,27,46,9,36,-3,6,2,-5,7,-4,1,5,-3,-849,3940,-280,-41,21,1,163246
-1,29,48,10,36,-2,8,4,-5,7,-4,2,7,-4,-855,3940,-272,-41,26,-2,163246
-2,27,47,10,38,-3,7,6,-4,8,-3,0,7,-4,-865,3945,-272,-38,31,5,163246
-3,27,47,8,37,-5,7,4,-4,6,-5,0,5,-3,-860,3941,-271,-37,29,4,163246
-2,27,48,9,37,-4,6,4,-2,8,-5,0,7,-3,-867,3937,-274,-37,37,2,163246
-3,28,49,10,36,-2,7,5,-5,7,-4,0,6,-4,-864,3937,-271,-38,39,4,163246
-1,27,47,11,36,-2,6,3,-3,6,-3,2,5,-3,-866,3942,-270,-31,29,6,163246
-3,29,47,10,37,-3,6,4,-4,7,-3,1,7,-4,-869,3940,-268,-28,27,9,163247
-2,25,47,9,36,-3,5,4,-5,8,-3,-1,6,-2,-869,3938,-269,-32,28,6,163247
-4,27,46,11,36,-4,6,4,-5,7,-4,3,5,-4,-872,3937,-273,-36,25,4,163247
-3,26,46,9,35,-3,6,5,-4,6,-3,2,6,-3,-872,3938,-268,-32,23,7,163247
-3,29,47,10,37,-4,6,5,-4,8,-2,1,8,-4,-873,3935,-272,-33,20,9,163247
-1,25,48,11,36,-2,6,4,-3,6,-5,0,6,-3,-879,3941,-266,-27,20,9,163247
-3,27,48,10,38,-3,6,4,-4,6,-3,1,6,-4,-879,3935,-269,-32,20,12,163247
-2,28,47,10,38,-3,6,4,-3,6,-4,1,9,-4,-878,3938,-267,-30,25,13,163247
-3,27,47,10,37,-3,7,5,-5,7,-4,0,6,-3,-878,3939,-261,-28,23,14,163247
-3,29,49,9,38,-3,4,5,-3,9,-3,0,7,-2,-875,3940,-264,-33,21,9,163247
-3,29,47,10,37,-3,7,4,-4,7,-3,1,7,-4,-882,3940,-259,-28,21,10,163247
-1,28,48,10,35,-4,6,5,-5,7,-1,1,5,-4,-878,3936,-264,-27,19,14,163247
-1,28,47,11,38,-3,6,5,-5,7,-3,2,6,-1,-880,3938,-268,-29,19,14,163247
-2,25,49,10,36,-4,6,7,-3,7,-4,1,7,-2,-879,3936,-264,-27,18,11,163247
-5,27,49,8,38,-2,7,4,-4,7,-3,0,4,-4,-880,3938,-268,-32,17,14,163247
-3,28,47,10,36,-3,7,4,-5,7,-4,2,6,-2,-874,3935,-266,-29,17,14,163247
-2,29,48,11,37,-2,5,5,-4,8,-2,1,7,-2,-880,3937,-264,-33,20,14,163247
-2,28,49,10,37,-3,6,6,-5,7,-3,-2,6,-4,-879,3940,-259,-28,21,11,163247
-2,27,49,9,37,-2,7,4,-5,8,-4,2,7,-4,-878,3934,-265,-33,21,12,163248
-3,27,47,10,38,-3,7,5,-4,7,-3,0,7,-3,-879,3935,-260,-33,18,12,163248
-1,28,50,8,38,-4,6,4,-4,8,-3,3,7,-4,-885,3939,-256,-31,23,14,163248
-3,29,48,8,37,-4,6,6,-5,7,-3,1,6,-4,-879,3937,-260,-28,22,16,163248
-2,27,47,8,38,-3,6,3,-3,7,-3,0,7,-3,-876,3936,-263,-27,25,15,163248
-3,28,49,9,37,-5,7,5,-5,7,-5,2,6,-3,-879,3933,-260,-28,21,16,163248
-2,27,47,9,37,-2,8,4,-5,7,-4,3,5,-2,-876,3937,-264,-27,19,17,163248
-1,30,48,9,35,-2,5,5,-3,6,-2,2,7,-1,-879,3939,-262,-21,21,20,163248
-3,29,48,10,38,-3,7,5,-3,6,-5,0,7,-3,-873,3938,-266,-24,20,18,163248
-3,27,50,10,37,-2,7,4,-5,7,-4,0,6,-4,-870,3937,-265,-28,18,13,163248
-3,29,47,10,37,-3,6,4,-3,7,-4,0,5,-2,-875,3937,-263,-27,19,15,163248
-4,28,49,8,37,-2,6,5,-5,7,-3,-1,6,-4,-870,3941,-264,-28,19,13,163248
-4,27,50,10,38,-2,5,5,-4,6,-4,1,7,-4,-869,3934,-268,-28,20,11,163248
-2,29,51,9,37,-4,6,3,-5,8,-4,0,6,-4,-872,3937,-267,-28,20,12,163248
-3,31,51,10,38,-2,7,5,-6,8,-3,2,7,-3,-878,3940,-264,-26,20,15,163248
-3,28,50,8,37,-1,6,4,-5,7,-4,1,5,-4,-873,3939,-266,-30,21,15,163248
-1,30,49,10,38,-2,6,5,-5,8,-2,0,6,-1,-870,3938,-266,-24,21,15,163248
-1,28,50,10,39,-2,6,6,-5,7,-3,0,5,-2,-870,3936,-270,-26,22,16,163248
0,30,49,9,37,-3,7,6,-4,5,-4,-1,6,-5,-874,3941,-267,-22,20,14,163248
-3,27,49,8,38,-3,5,4,-5,6,-4,1,6,-3,-871,3938,-268,-25,20,16,163248
-2,28,49,9,37,-2,7,3,-4,7,-4,0,7,-5,-869,3940,-272,-32,21,13,163248
-3,27,48,8,35,-1,6,4,-4,7,-4,-1,6,-3,-869,3942,-266,-26,20,12,163249
-2,28,49,9,38,-1,6,4,-3,8,-2,1,6,-3,-874,3941,-266,-26,21,14,163249
-3,29,50,11,37,-3,6,5,-5,9,-2,0,7,-3,-871,3937,-272,-30,19,13,163249
-2,28,49,9,36,-2,6,4,-5,7,-3,0,6,-4,-872,3937,-267,-31,22,12,163249
-2,28,49,8,37,-2,7,5,-5,7,-4,2,8,-4,-868,3938,-270,-29,20,10,163249
-2,27,50,9,37,-4,6,5,-3,7,-4,1,7,-3,-869,3937,-267,-28,18,8,163249
-2,28,49,10,36,-3,6,4,-5,6,-5,-1,6,-5,-879,3942,-268,-33,20,15,163249
-3,27,49,10,37,-2,7,4,-5,7,-2,-1,7,-3,-869,3933,-269,-29,15,17,163249
-4,30,50,11,36,-1,6,5,-5,7,-4,1,6,-4,-870,3935,-269,-36,16,11,163249
-3,27,50,10,37,-2,7,7,-4,8,-5,-1,7,-3,-873,3941,-265,-30,19,17,163249
-3,29,48,8,37,-2,7,3,-6,8,-2,1,5,-3,-875,3943,-266,-26,21,18,163249
-2,29,51,10,38,-1,6,2,-4,8,-2,1,6,-3,-872,3934,-269,-31,18,17,163249
-4,29,49,9,36,-2,6,3,-5,8,-4,1,5,-3,-870,3942,-268,-26,21,18,163249
-3,28,50,10,38,-3,5,3,-3,6,-3,-1,8,-2,-867,3938,-264,-18,23,18,163249
-3,29,49,8,37,-3,6,3,-4,8,-3,1,6,-3,-866,3936,-274,-28,23,16,163249
-2,28,50,9,36,-4,8,4,-4,6,-5,1,7,-5,-863,3940,-268,-22,21,16,163249
-2,28,50,11,36,-3,6,6,-3,8,-4,0,6,-4,-861,3936,-277,-31,20,13,163249
0,31,51,10,39,-2,6,6,-4,8,-4,1,6,-4,-865,3941,-271,-27,23,15,163249
-1,28,51,9,38,-1,7,4,-3,7,-4,1,6,-4,-864,3936,-272,-30,22,17,163249
-3,27,49,11,39,-3,5,6,-3,7,-2,0,6,-4,-866,3940,-271,-27,22,15,163249
-1,29,50,10,38,-2,7,5,-5,8,-3,1,6,-3,-864,3941,-272,-27,23,15,163249
-2,28,49,10,38,-4,6,4,-4,7,-4,2,7,-5,-861,3936,-272,-32,21,14,163250
-2,30,50,10,39,-2,6,5,-3,8,-5,1,6,-4,-863,3938,-269,-30,20,13,163250
0,28,50,11,39,-2,7,5,-4,7,-3,3,6,-3,-863,3940,-271,-28,21,14,163250
-2,30,50,10,38,-3,6,4,-4,8,-3,3,6,-3,-858,3940,-274,-27,17,12,163250
-3,28,50,9,37,-3,6,5,-4,7,-4,1,6,-4,-862,3940,-274,-30,20,12,163250
-3,28,49,9,37,-2,6,5,-4,8,-4,0,7,-2,-863,3944,-272,-27,21,12,163250
-2,30,51,11,39,-3,7,4,-4,8,-5,2,6,-3,-864,3942,-272,-31,22,15,163250
0,29,49,9,37,-3,7,4,-4,8,-4,1,7,-4,-861,3940,-272,-31,21,13,163250
-2,29,50,10,37,-1,8,6,-3,6,-2,1,7,-3,-863,3942,-273,-27,20,15,163250
-3,29,48,10,38,-4,6,5,-4,7,-3,2,6,-3,-865,3947,-275,-29,22,15,163250
-1,32,51,10,38,-3,8,4,-5,9,-3,2,7,-3,-862,3942,-273,-26,20,16,163250
-3,30,49,11,37,-2,7,4,-4,7,-3,1,5,-3,-859,3939,-271,-26,20,18,163250
-3,27,49,10,39,-2,6,6,-3,7,-4,-1,5,-3,-858,3937,-279,-29,17,16,163250
-4,30,49,9,38,-3,5,3,-4,7,-2,-1,6,-5,-864,3945,-270,-27,20,17,163250
-2,26,48,9,38,-3,6,4,-4,7,-3,1,7,-2,-856,3941,-274,-28,23,18,163250
-3,27,47,10,37,-1,6,4,-3,6,-4,0,6,-4,-857,3942,-272,-28,23,16,163250
-1,28,49,11,39,-3,7,4,-3,9,-3,1,5,-4,-857,3940,-274,-24,24,18,163250
-2,28,49,12,37,-4,7,5,-4,7,-4,-1,7,-4,-857,3939,-274,-21,21,18,163250
-3,26,46,9,39,-3,5,4,-3,8,-4,1,7,-4,-852,3937,-278,-29,18,19,163251
-1,29,48,11,38,-4,5,3,-5,9,-3,1,7,-3,-855,3940,-278,-27,21,18,163251
-2,28,49,12,39,-2,5,3,-3,7,-3,-1,6,-4,-847,3936,-283,-32,23,14,163251
-3,27,48,11,39,-3,5,4,-5,8,-3,1,6,-2,-849,3939,-281,-26,21,14,163251
-2,26,46,10,36,-3,7,6,-4,7,-2,1,7,-2,-850,3939,-281,-29,23,16,163251
-2,29,48,11,39,-3,7,4,-3,9,-4,1,7,-4,-854,3946,-278,-25,22,18,163251
-1,27,47,12,38,-3,6,5,-6,7,-3,0,8,-2,-846,3938,-279,-29,23,15,163251
-3,24,46,10,40,-4,7,3,-3,6,-4,0,5,-3,-849,3941,-282,-29,20,13,163251
-2,25,45,12,38,-3,6,5,-4,7,-3,0,6,-5,-850,3944,-280,-28,20,13,163251
-1,27,47,11,37,-4,5,4,-3,8,-4,2,5,-4,-850,3941,-284,-29,20,14,163251
-2,27,47,10,39,-1,6,5,-3,8,-3,1,7,-4,-851,3941,-278,-30,20,12,163251
-4,28,47,12,40,-2,6,5,-4,8,-3,0,6,-4,-851,3941,-279,-29,22,14,163251
-2,29,47,10,38,-4,6,4,-4,6,-5,0,7,-2,-850,3937,-283,-29,20,13,163251
-3,27,47,11,39,-3,8,5,-4,8,-4,0,7,-3,-844,3945,-281,-28,21,11,163251
-2,29,48,13,39,-3,7,4,-4,8,-2,1,6,-4,-849,3938,-284,-30,21,10,163251
-3,25,48,11,39,-2,6,5,-4,7,-5,1,6,-3,-850,3944,-279,-32,21,9,163251
-1,26,47,12,38,-4,8,5,-3,7,-4,1,5,-5,-848,3941,-282,-31,20,9,163251
-1,25,45,11,37,-3,6,4,-4,7,-5,1,5,-5,-853,3941,-280,-32,21,9,163251
-3,26,47,10,38,-3,6,4,-4,8,-3,0,7,-4,-852,3937,-281,-34,19,4,163251
-2,28,48,12,39,-3,7,4,-2,8,-4,2,7,-5,-852,3937,-281,-32,22,8,163251
-2,26,46,11,38,-1,6,3,-3,7,-4,1,5,-3,-854,3939,-281,-34,20,7,163251
-1,25,48,10,39,-3,5,4,-4,6,-4,0,6,-4,-860,3942,-272,-33,21,11,163252
-4,26,47,11,37,-2,6,5,-5,8,-3,1,7,-5,-858,3941,-276,-30,20,13,163252
-2,28,47,10,38,-2,6,4,-4,7,-5,1,6,-3,-857,3942,-273,-26,19,20,163252
-2,27,48,11,37,-2,8,5,-4,7,-2,2,6,-4,-857,3942,-277,-25,21,20,163252
-4,28,48,10,38,-3,6,5,-6,7,-3,1,6,-3,-851,3938,-278,-27,21,17,163252
-2,27,48,11,38,-1,6,5,-5,5,-3,0,7,-4,-849,3941,-278,-28,20,17,163252
-4,25,47,11,36,-3,6,4,-5,7,-4,2,5,-4,-852,3943,-278,-27,20,15,163252
-3,26,48,10,38,-2,6,3,-5,6,-4,1,7,-2,-851,3948,-277,-25,19,18,163252
-4,27,49,11,38,-3,5,4,-4,7,-3,2,5,-4,-848,3946,-278,-29,19,21,163252
-2,27,47,11,38,-3,7,4,-4,8,-4,1,6,-4,-846,3943,-279,-27,18,19,163252
-3,26,46,11,37,-4,5,4,-3,7,-5,0,5,-5,-845,3940,-282,-28,22,18,163252
-4,26,48,11,37,-3,7,3,-4,9,-3,-1,5,-3,-839,3938,-282,-29,21,15,163252
-3,28,46,11,38,-3,7,3,-3,6,-3,-3,5,-3,-845,3945,-282,-29,18,16,163252
-3,28,46,10,37,-2,6,5,-5,9,-4,-1,6,-4,-844,3945,-281,-33,21,12,163252
-3,28,47,11,37,-3,7,4,-3,8,-4,0,6,-4,-845,3942,-283,-27,20,12,163252
-3,29,48,11,39,-3,6,5,-5,8,-5,2,6,-3,-846,3939,-284,-35,20,9,163252
-3,28,48,12,38,-4,7,4,-4,6,-1,-1,6,-3,-845,3947,-277,-27,23,12,163252
-3,26,47,11,40,-3,7,4,-5,7,-4,0,6,-3,-848,3940,-280,-30,20,11,163252
-3,27,47,12,38,-2,6,4,-4,7,-4,0,6,-3,-845,3943,-278,-29,19,11,163252
-3,26,47,13,38,-2,7,5,-5,7,-4,2,8,-3,-847,3944,-281,-31,21,15,163252
-3,25,48,11,39,-2,5,4,-4,7,-2,1,5,-3,-846,3945,-276,-26,22,17,163252
-5,26,47,12,38,-2,6,4,-4,6,-3,2,6,-5,-848,3936,-282,-29,22,16,163253
-1,26,45,12,39,-2,8,5,-4,7,-4,2,6,-3,-842,3943,-280,-31,23,13,163253
-1,26,47,11,39,-3,6,4,-3,6,-3,2,8,-3,-846,3946,-277,-26,20,11,163253
-4,27,47,11,39,-2,6,3,-5,8,-5,1,5,-5,-845,3941,-281,-32,20,13,163253
-2,28,47,12,38,-4,6,4,-3,7,-3,2,8,-2,-845,3943,-283,-32,20,13,163253
-2,26,48,12,39,-3,6,4,-4,7,-2,2,5,-3,-844,3940,-281,-31,21,11,163253
-3,29,48,12,39,-3,7,4,-4,7,-3,2,7,-3,-847,3943,-279,-30,20,13,163253
-2,27,45,10,39,-3,8,4,-5,8,-3,2,7,-4,-843,3942,-278,-29,21,12,163253
-2,27,47,10,38,-2,7,6,-4,6,-4,1,6,-3,-847,3943,-278,-33,21,11,163253
-3,26,47,13,37,-3,5,4,-5,7,-3,-1,8,-3,-844,3938,-282,-32,21,10,163253
-2,29,47,11,38,-2,7,5,-4,6,-5,0,5,-4,-843,3941,-278,-31,23,12,163253
-1,31,47,12,39,-3,6,4,-3,8,-3,1,7,-2,-849,3943,-281,-29,20,14,163253
-2,28,47,11,37,-2,7,5,-5,7,-2,0,7,-3,-847,3944,-276,-28,20,18,163253
-4,28,47,11,38,-3,7,3,-3,7,-3,1,6,-4,-845,3943,-276,-27,22,15,163253
-2,29,47,11,37,-4,7,3,-6,7,-2,2,6,-4,-846,3941,-279,-30,21,15,163253
-3,26,47,11,38,-4,8,4,-5,6,-3,1,7,-2,-843,3942,-278,-27,21,11,163253
-3,28,49,10,39,-2,7,3,-3,7,-4,2,6,-3,-843,3944,-278,-30,22,14,163253
-1,26,47,10,39,-4,7,5,-4,7,-4,0,5,-3,-845,3943,-281,-28,22,15,163253
-2,28,47,11,37,-4,6,4,-4,6,-4,1,6,-3,-845,3943,-280,-31,20,11,163254
-2,26,48,10,39,-2,6,4,-5,7,-3,1,7,-3,-847,3942,-275,-28,20,13,163254
-3,27,45,10,38,-4,5,4,-4,7,-4,1,7,-4,-845,3945,-277,-30,20,13,163254
-3,29,48,10,39,-3,4,3,-5,7,-3,0,4,-4,-844,3944,-276,-29,20,13,163254
-3,25,47,10,37,-4,4,4,-4,6,-3,0,5,-5,-845,3943,-280,-30,21,11,163254
-4,26,47,12,38,-2,6,3,-4,8,-3,2,7,-3,-847,3946,-277,-31,22,9,163254
-3,26,45,12,39,-3,6,4,-3,8,-4,2,7,-4,-844,3939,-279,-30,19,8,163254
-2,28,48,10,36,-2,6,5,-4,6,-3,1,6,-3,-845,3944,-275,-35,22,7,163254
-3,27,45,11,40,-1,8,4,-3,8,-3,1,7,-3,-848,3944,-275,-31,22,7,163254
-2,24,46,10,38,-3,5,5,-5,7,-5,1,5,-4,-852,3940,-276,-36,21,4,163254
-4,27,48,11,38,-3,5,4,-4,7,-6,1,6,-5,-854,3946,-275,-35,22,4,163254
-3,26,47,11,38,-1,7,3,-4,7,-3,3,6,-4,-851,3944,-272,-34,19,2,163254
-2,28,49,10,37,-4,5,5,-3,6,-4,0,5,-3,-863,3945,-269,-28,21,7,163254
-3,28,48,11,39,-3,8,5,-5,8,-4,-1,6,-3,-856,3941,-271,-35,21,10,163254
-4,27,48,11,39,-3,8,4,-3,7,-4,0,7,-3,-857,3938,-270,-32,20,11,163254
-3,26,47,10,39,-3,6,4,-3,8,-4,1,6,-2,-857,3941,-273,-31,22,15,163254
-2,27,47,11,39,-3,5,4,-4,9,-4,1,7,-4,-860,3947,-267,-24,21,16,163254
-2,27,48,11,38,-4,8,4,-2,8,-4,0,5,-2,-851,3934,-278,-29,21,14,163254
-4,29,47,11,40,-2,6,4,-3,8,-2,2,6,-3,-853,3937,-273,-30,22,9,163254
-2,28,48,11,38,-2,6,4,-4,7,-6,2,5,-4,-858,3944,-271,-30,20,8,163254
-4,27,49,11,37,-3,7,4,-3,6,-3,1,7,-4,-855,3935,-275,-32,20,9,163254
-3,27,48,11,37,-3,6,4,-6,6,-4,0,6,-4,-865,3942,-271,-31,18,10,163255
-3,27,48,10,37,-3,4,5,-4,7,-3,1,6,-3,-863,3944,-264,-29,20,11,163255
-3,27,50,11,39,-3,6,5,-2,7,-4,4,7,-3,-862,3937,-274,-32,18,11,163255
-2,28,47,11,38,-1,6,4,-5,6,-3,2,6,-3,-861,3942,-269,-31,19,10,163255
-3,26,46,9,38,-2,5,5,-6,8,-3,1,6,-5,-861,3942,-270,-27,22,10,163255
-4,25,47,10,39,-4,5,4,-4,7,-3,0,6,-3,-869,3938,-276,-32,29,9,163255
-4,28,47,10,38,-3,7,4,-4,7,-5,1,7,-4,-863,3942,-271,-30,23,8,163255
-3,26,46,12,37,-4,7,5,-4,7,-4,1,4,-4,-863,3939,-273,-30,25,7,163255
-2,28,49,11,39,-2,7,3,-5,7,-4,-1,7,-4,-866,3940,-269,-31,23,11,163255
-4,26,47,11,38,-4,7,2,-4,6,-3,0,6,-2,-866,3939,-269,-25,21,12,163255
-4,27,47,12,36,-1,8,4,-3,8,-4,1,7,-3,-871,3940,-272,-32,21,10,163255
-5,25,47,10,37,-3,6,6,-5,3,-4,1,6,-3,-862,3939,-268,-31,22,11,163255
-3,29,50,11,39,-3,7,6,-2,7,-4,1,7,-3,-868,3936,-271,-33,20,11,163255
-4,26,48,11,38,-3,6,5,-5,6,-5,2,7,-3,-865,3941,-271,-29,20,9,163255
-3,27,47,12,38,-3,6,4,-4,6,-4,-1,7,-4,-870,3940,-268,-33,17,10,163255
-3,27,48,10,36,-3,6,4,-5,8,-4,1,6,-3,-870,3939,-269,-30,20,13,163255
-3,26,50,10,38,-4,5,5,-3,8,-3,0,5,-4,-868,3939,-267,-30,20,14,163255
-2,27,48,11,39,-2,8,5,-5,8,-4,-1,6,-4,-871,3945,-262,-27,20,17,163255
-2,26,48,11,38,-3,7,4,-4,8,-5,2,7,-2,-870,3940,-270,-28,23,21,163255
-3,28,49,10,37,-3,7,5,-3,8,-4,1,6,-3,-864,3933,-272,-28,20,21,163255
-3,28,49,8,38,-2,8,4,-5,6,-3,1,7,-4,-865,3939,-269,-26,19,21,163255
-3,28,48,10,38,-3,6,5,-3,7,-3,1,5,-3,-860,3936,-272,-27,26,16,163256
-3,27,48,11,39,-2,7,4,-3,8,-3,0,6,-1,-862,3942,-270,-22,21,21,163256
-2,26,48,10,37,-4,5,4,-5,8,-3,0,6,-5,-861,3938,-272,-24,21,22,163256
-3,27,47,9,38,-4,6,4,-5,6,-3,0,7,-4,-862,3943,-267,-24,20,19,163256
-3,28,46,11,39,-3,7,4,-5,6,-4,1,6,-3,-856,3936,-276,-28,21,20,163256
-3,28,47,10,38,-2,6,4,-4,7,-3,0,8,-4,-855,3943,-273,-23,22,21,163256
-3,29,49,10,38,-1,6,5,-5,7,-4,0,6,-2,-853,3944,-272,-24,23,22,163256
-3,27,46,10,37,-3,7,5,-6,7,-2,2,7,-2,-848,3939,-277,-25,21,17,163256
-3,27,47,10,37,-2,7,5,-4,6,-4,2,6,-4,-850,3940,-283,-29,19,16,163256
-3,29,48,11,39,-3,6,5,-4,7,-3,1,6,-3,-851,3944,-279,-30,20,12,163256
-3,25,45,10,39,-4,6,3,-5,6,-4,1,8,-3,-846,3941,-280,-31,18,10,163256
-3,28,47,10,39,-4,6,4,-5,8,-4,1,4,-4,-850,3936,-279,-34,18,5,163256
-2,26,47,9,39,-3,6,3,-3,7,-5,2,7,-3,-855,3943,-275,-33,19,7,163256
-2,28,47,11,37,-2,5,2,-3,7,-5,1,8,-4,-857,3941,-272,-29,20,14,163256
-3,29,49,10,38,-2,7,6,-4,8,-3,0,6,-3,-857,3946,-274,-32,20,9,163256
-4,27,48,9,36,-3,4,4,-3,7,-4,1,6,-4,-851,3937,-273,-28,19,12,163256
-2,28,49,12,38,-2,6,4,-4,6,-3,2,6,-3,-858,3943,-272,-30,20,13,163256
-3,30,48,12,39,-3,5,3,-4,8,-3,1,5,-3,-858,3937,-275,-29,18,16,163256
-2,27,49,11,39,-2,6,5,-3,9,-2,2,6,-3,-855,3941,-274,-30,20,14,163257
-3,28,48,10,38,-3,5,4,-4,7,-4,3,9,-4,-856,3945,-273,-26,20,16,163257
-4,29,48,10,39,-2,5,2,-3,7,-3,2,6,-4,-856,3940,-274,-33,21,16,163257
-3,28,48,10,39,-2,7,5,-4,8,-3,0,6,-4,-853,3946,-274,-23,19,18,163257
-4,27,49,9,38,-1,6,4,-4,7,-4,1,6,-4,-856,3940,-276,-27,17,18,163257
-4,26,50,10,37,-1,7,5,-4,8,-4,1,6,-3,-854,3944,-272,-25,22,20,163257
-3,30,49,9,37,-2,7,4,-4,8,-3,1,7,-2,-846,3939,-279,-30,23,17,163257
-2,28,48,11,39,-4,6,3,-4,8,-4,2,7,-4,-848,3942,-275,-27,21,14,163257
-3,27,49,13,38,-2,8,6,-4,8,-4,3,7,-3,-849,3944,-270,-26,16,13,163257
-4,27,48,10,40,-3,6,4,-4,7,-2,0,8,-5,-847,3939,-280,-36,20,13,163257
-3,30,49,11,39,-3,6,4,-3,6,-4,1,6,-2,-849,3943,-277,-31,18,15,163257
-2,29,47,8,38,-3,7,5,-5,6,-4,0,7,-3,-852,3943,-277,-27,18,17,163257
-4,28,48,11,37,-2,9,5,-4,7,-3,0,8,-2,-852,3942,-278,-23,25,25,163257
-3,27,47,9,38,-2,7,3,-5,8,-2,0,6,-3,-843,3942,-277,-20,30,24,163257
-3,29,48,10,40,-2,7,4,-4,8,-2,1,6,-2,-841,3939,-283,-26,29,19,163257
0,29,46,12,39,-4,7,4,-4,7,-3,1,7,-3,-837,3943,-287,-28,27,18,163257
-1,25,47,11,40,-3,7,5,-5,7,-4,1,7,-4,-840,3942,-284,-28,21,16,163257
-4,27,47,11,38,-2,7,5,-5,6,-4,-1,6,-4,-841,3944,-282,-29,21,14,163257
-3,25,46,11,38,-3,7,5,-3,8,-4,1,6,-5,-835,3939,-283,-32,16,11,163257
-2,27,46,10,38,-5,6,4,-4,7,-4,2,6,-3,-839,3947,-283,-34,16,14,163257
-2,28,48,9,38,-2,6,4,-6,6,-4,1,5,-4,-842,3947,-281,-32,22,12,163257
-2,26,46,10,39,-2,6,5,-5,8,-4,1,6,-5,-840,3947,-282,-31,22,15,163258
-3,26,46,11,38,-2,6,4,-4,7,-4,3,6,-3,-836,3945,-281,-25,24,16,163258
-3,27,48,11,39,-3,6,3,-4,7,-4,1,6,-4,-834,3947,-281,-28,21,12,163258
-1,28,46,11,38,-2,8,4,-5,8,-3,2,7,-2,-841,3948,-282,-32,23,11,163258
-3,27,48,12,40,-2,7,2,-3,7,-5,2,7,-2,-839,3942,-279,-29,21,11,163258
-2,26,47,10,40,-2,7,3,-4,6,-4,1,6,-4,-841,3945,-282,-32,20,11,163258
-2,27,47,11,38,-5,7,2,-4,6,-3,4,7,-3,-841,3946,-278,-30,20,12,163258
-2,28,48,12,39,-1,7,2,-5,6,-5,0,6,-4,-840,3944,-283,-28,18,13,163258
-3,26,47,10,39,-3,6,4,-3,6,-4,1,7,-4,-839,3945,-284,-33,16,14,163258
-3,26,46,10,37,-3,7,2,-3,6,-3,0,4,-4,-839,3945,-283,-29,15,13,163258
-4,28,47,12,39,-1,7,3,-5,6,-4,0,6,-3,-842,3948,-276,-27,17,19,163258
-3,26,46,9,39,-1,8,5,-4,6,-4,0,6,-4,-836,3946,-279,-27,20,16,163258
-3,27,47,9,40,-2,8,5,-5,7,-5,2,7,-3,-839,3941,-281,-28,22,19,163258
-3,26,47,12,38,-2,8,5,-4,7,-4,1,6,-3,-835,3941,-281,-30,20,13,163258
-2,31,48,12,40,-5,5,5,-4,7,-3,2,6,-3,-834,3947,-279,-28,18,15,163258
-3,29,47,13,38,-3,6,5,-4,8,-4,0,7,-5,-833,3938,-285,-31,19,12,163258
-5,27,48,11,39,-3,7,5,-5,7,-3,1,4,-2,-838,3948,-279,-28,20,12,163258
-2,27,47,10,39,-3,6,4,-4,9,-2,3,6,-3,-840,3943,-282,-33,22,11,163258
-1,28,47,12,39,-3,8,4,-3,8,-3,2,7,-4,-836,3945,-277,-31,23,7,163258
-4,28,48,12,39,-2,7,5,-3,8,-3,2,5,-2,-841,3946,-279,-30,20,11,163258
-3,29,47,12,39,-3,7,5,-4,7,-3,3,6,-4,-838,3944,-279,-31,20,7,163258
-3,27,48,11,37,-3,7,4,-5,7,-4,-1,6,-3,-843,3945,-279,-28,19,9,163259
-2,28,46,12,39,-4,7,4,-4,6,-3,1,7,-4,-842,3943,-277,-32,19,10,163259
-3,26,48,10,39,-3,7,5,-4,7,-4,2,5,-4,-842,3943,-277,-30,21,7,163259
-1,25,46,9,40,-4,7,3,-4,8,-5,1,6,-4,-847,3945,-273,-32,22,8,163259
-1,26,46,11,38,-2,6,5,-5,8,-4,3,7,-4,-848,3944,-274,-27,21,7,163259
-2,26,47,12,39,-3,6,4,-3,7,-3,2,7,-3,-845,3937,-282,-32,21,5,163259
-3,27,47,11,39,-3,6,4,-3,7,-2,1,6,-3,-845,3945,-278,-34,18,7,163259
0,26,47,11,38,-4,7,5,-5,6,-5,0,7,-3,-853,3946,-273,-33,19,8,163259
-2,26,47,11,39,-2,6,4,-5,7,-5,0,7,-1,-854,3946,-274,-31,20,11,163259
-3,25,47,13,39,-3,5,5,-4,8,-4,0,6,-3,-851,3942,-275,-33,18,12,163259
-3,28,48,11,39,-2,6,3,-4,7,-3,2,6,-4,-850,3943,-272,-29,22,13,163259
-3,28,48,11,40,-3,8,4,-4,7,-3,3,7,-4,-852,3940,-277,-27,21,12,163259
-3,27,47,10,38,-4,8,4,-2,8,-4,1,6,-4,-851,3942,-274,-27,22,13,163259
-3,28,48,10,38,-3,7,4,-5,8,-4,0,7,-5,-848,3942,-277,-27,22,14,163259
-4,26,48,11,37,-3,6,3,-3,7,-4,-1,6,-4,-849,3942,-274,-30,20,14,163259
-3,27,47,10,39,-4,6,3,-5,7,-3,1,5,-5,-849,3942,-276,-28,19,12,163259
-3,29,48,11,39,-5,7,4,-3,7,-5,0,7,-4,-852,3939,-275,-29,20,11,163259
-3,27,47,10,39,-3,6,3,-4,6,-3,1,6,-4,-854,3940,-277,-32,16,11,163259
-4,29,48,12,39,-2,6,4,-5,9,-2,2,6,-3,-850,3944,-265,-31,19,12,163300
-3,29,47,11,38,-3,6,4,-4,7,-5,2,7,-3,-860,3948,-269,-26,21,18,163300
-2,28,46,11,39,-3,7,4,-5,7,-4,2,4,-4,-851,3945,-269,-19,24,17,163300
-3,30,48,10,38,-3,6,5,-3,8,-2,1,7,-4,-851,3942,-272,-22,24,16,163300
-2,27,47,10,39,-3,7,5,-4,9,-5,1,6,-2,-847,3942,-280,-26,27,20,163300
-3,27,47,11,38,-2,7,3,-4,7,-2,1,5,-3,-851,3943,-274,-20,23,18,163300
-2,29,49,11,39,-3,5,4,-4,7,-2,0,7,-3,-844,3936,-282,-28,24,16,163300
-2,27,49,11,40,-3,5,4,-6,7,-4,2,7,-4,-846,3945,-278,-25,21,17,163300
-2,27,49,11,39,-1,6,4,-5,7,-3,2,7,-3,-843,3936,-282,-29,22,13,163300
-2,29,51,11,39,-3,7,4,-5,6,-3,2,7,-4,-842,3941,-282,-29,21,10,163300
-2,27,49,10,39,-1,6,5,-2,7,-4,2,7,-2,-849,3943,-279,-31,22,8,163300
-3,28,47,10,37,-2,7,6,-4,7,-3,2,8,-4,-847,3943,-277,-28,22,9,163300
-3,29,48,10,38,-3,7,4,-4,8,-4,1,6,-3,-842,3939,-279,-32,19,9,163300
-1,29,49,11,39,-3,7,4,-4,7,-4,0,5,-3,-848,3941,-277,-32,19,2,163300
-1,27,48,9,38,-1,7,6,-3,10,-5,3,5,-2,-849,3935,-281,-37,18,1,163300
-3,29,49,12,39,-3,7,6,-4,6,-3,1,6,-4,-862,3934,-278,-53,25,-1,163300
-2,26,48,12,38,-4,7,4,-4,7,-3,1,5,-4,-856,3944,-270,-39,28,0,163300
-3,27,46,10,41,-4,6,5,-5,7,-3,1,7,-3,-856,3940,-271,-36,27,2,163300
-4,28,47,12,40,-2,8,4,-5,6,-3,1,5,-3,-857,3949,-256,-26,18,4,163300
-1,28,47,11,40,-3,5,5,-5,7,-3,1,6,-3,-864,3944,-266,-24,16,10,163300
-2,27,48,12,39,-4,7,4,-4,5,-3,2,6,-4,-862,3935,-268,-29,21,13,163300
-2,26,49,11,39,-3,6,3,-3,7,-4,2,6,-2,-862,3946,-264,-27,16,14,163301
-3,25,47,10,39,-3,6,5,-4,8,-3,3,6,-3,-865,3945,-266,-24,19,17,163301
-2,27,48,10,38,-3,5,4,-4,7,-4,1,5,-4,-865,3947,-265,-20,21,19,163301
-2,27,47,9,38,-1,7,5,-3,8,-3,2,5,-3,-860,3939,-271,-15,21,19,163301
-4,29,47,11,39,-2,6,3,-3,6,-4,0,7,-4,-860,3937,-283,-24,24,21,163301
-3,29,47,11,38,-3,5,5,-4,7,-3,2,7,-2,-855,3944,-274,-20,24,19,163301
-3,30,48,10,38,-2,6,4,-4,7,-4,1,7,-4,-857,3937,-278,-24,16,20,163301
-3,27,48,9,39,-2,6,6,-5,10,-3,2,7,-4,-862,3943,-277,-28,23,25,163301
-3,27,45,9,40,-4,7,5,-4,7,-5,0,5,-4,-855,3952,-270,-17,22,28,163301
-2,24,44,11,38,-3,8,4,-4,7,-3,1,4,-4,-860,3952,-282,-18,31,38,163301
-2,23,40,11,38,-3,5,4,-3,6,-5,2,6,-3,-844,3947,-285,-8,28,50,163301
-3,22,41,11,40,23,24,-2,1,7,-4,6,-2,-4,-829,3949,-289,-4,23,50,163301
5,19,35,10,39,47,29,-2,-1,6,-4,7,4,-3,-823,3939,-302,-8,20,44,163301
0,19,34,12,38,46,28,-3,1,7,-5,6,3,-3,-810,3935,-313,-19,19,34,163301
3,16,34,10,40,49,30,-4,3,7,-3,8,0,-4,-809,3948,-303,-14,10,31,163301
1,18,34,11,39,47,30,-3,1,7,-4,6,3,-3,-819,3961,-303,-16,17,48,163301
1,16,33,10,38,46,29,-4,0,7,-3,6,2,-4,-807,3961,-303,-7,13,57,163301
-2,18,32,12,39,44,27,-5,0,6,-4,6,2,-3,-801,3969,-308,1,3,72,163301
2,15,28,11,39,45,28,-4,-1,7,-5,6,3,-4,-812,4019,-300,28,-7,103,163301
-1,16,26,11,37,43,28,-3,1,6,-3,7,4,-3,-821,4053,-294,95,-16,181,163301
-2,16,25,11,37,44,28,-3,1,6,-4,4,5,-3,-738,4025,-302,91,-39,265,163301
-2,15,24,8,32,-4,7,6,-4,7,-2,1,6,-3,-821,4195,-413,108,-42,454,163302
-2,19,21,7,35,-5,4,6,-5,6,-1,-4,6,-3,-859,4472,-343,168,-10,806,163302
-2,17,18,9,37,41,27,-3,0,6,-4,5,5,-4,-797,4712,-270,329,-23,1287,163302
-3,15,19,5,39,31,25,-3,-1,6,-3,1,6,-2,-329,4483,-188,269,-81,1679,163302
-2,17,14,9,35,-6,4,5,-5,8,0,-3,5,-3,326,4307,86,418,-296,1617,163302
-2,18,15,11,32,-5,5,5,-4,8,-1,-2,7,-3,292,3723,209,246,-1230,858,163302
-2,16,14,10,32,-6,5,5,-3,8,-1,0,7,-4,-2954,2077,506,-10,-521,-1076,163302
-2,18,14,9,32,-5,5,5,-3,7,-2,-2,7,-3,-3112,2539,292,-945,6,-2078,163302
-2,17,16,11,31,-4,6,4,-5,7,-2,-2,7,-4,-2239,4072,-115,-1142,157,-2590,163302
-1,17,15,15,31,-5,7,4,-3,7,-4,0,6,-3,-1267,5636,-148,-921,182,-2383,163302
-1,18,12,11,31,-5,4,4,-4,8,-2,0,5,-3,416,5608,309,-867,62,-1680,163302
-1,19,13,12,33,-5,5,4,-3,6,-3,-2,7,-3,497,4600,-767,-1204,-246,-1092,163302
-1,16,15,9,32,-6,4,4,-4,6,-4,-2,6,-3,866,4495,-1708,-248,221,-1042,163302
-2,21,18,7,34,-6,4,5,-4,6,-2,-1,7,-4,-1157,3928,-563,225,53,973,163302
-4,17,12,12,30,-6,5,4,-5,5,-4,-1,6,-4,2456,4623,-1362,758,51,1304,163302
-2,22,23,5,34,-5,4,4,-4,7,-3,-3,5,-4,-1125,3798,-290,-384,46,883,163302
-3,17,14,12,31,-5,7,3,-5,5,-2,-1,6,-3,-2061,3525,134,525,213,1375,163302
-1,24,28,2,34,13,14,-2,0,7,-4,5,0,-3,-893,4110,-62,-26,153,56,163302
2,24,30,3,31,9,13,-3,0,7,-5,6,0,-2,-1067,3942,-100,-27,85,15,163303
5,25,34,1,30,-5,5,5,-5,6,-3,-2,7,-3,-1098,3920,-84,-36,44,2,163303
-2,28,37,2,30,-4,6,5,-3,8,-1,1,6,-2,-1121,3920,-56,-16,9,22,163303
-3,30,40,3,28,-4,4,6,-5,6,-1,-2,8,-3,-1155,3975,-55,111,36,138,163303
-2,32,43,4,26,3,11,0,-1,7,-5,5,5,0,-1137,4009,-81,185,55,225,163303
2,26,42,7,27,20,22,7,-2,8,-5,5,4,-1,-1019,3915,-211,129,39,232,163303
4,22,40,9,27,-6,4,4,-5,7,-2,-2,6,-3,-926,3890,-246,71,-9,181,163303
-3,24,40,8,27,-4,5,7,-4,6,-3,-3,7,-3,-956,4022,-128,188,4,132,163303
-3,23,41,12,29,-5,6,5,-3,9,-3,-1,6,-3,-906,3905,-317,167,9,113,163303
-1,24,40,10,31,-6,5,4,-4,8,-4,-1,6,-4,-901,3957,-305,127,14,81,163303
-3,24,41,14,33,-5,6,5,-4,8,-4,-1,7,-4,-900,3970,-322,162,52,70,163303
-2,21,39,15,36,-5,6,6,-3,6,-3,-2,7,-2,-898,3994,-349,223,69,146,163303
-2,19,38,15,36,-4,6,5,-4,7,-1,-2,6,-4,-916,4068,-361,276,115,276,163303
-3,17,31,18,39,-5,6,4,-4,9,-3,0,6,-3,-1011,4528,-324,694,24,581,163303
-3,15,24,16,42,-4,6,5,-4,7,-3,-2,6,-3,-1161,4712,-705,613,-81,1194,163303
-4,15,21,6,43,-3,6,5,-3,6,-2,0,6,-4,-1223,5266,-883,291,-21,2188,163303
-2,14,19,5,10,11,6,7,-5,3,6,-5,4,4,-1287,5929,-273,495,-92,3658,163303
0,8,16,11,37,-5,3,5,-3,6,0,-2,8,-1,-321,5969,170,779,-161,4997,163303
-3,14,14,10,26,-5,5,5,-4,7,-3,-3,6,-3,667,4734,153,360,-1353,4617,163303
-2,13,13,11,21,-6,5,3,-4,6,-3,0,6,-4,-2483,2142,780,-6,-2088,-800,163303
-4,16,13,10,26,-6,7,5,-4,8,-3,0,6,-3,-2829,1153,785,-649,960,-2192,163303
-2,16,14,11,25,-6,7,4,-5,7,-4,-1,6,-3,-1729,2888,660,-1454,1193,-4397,163304
-2,15,13,10,28,-6,6,5,-4,7,-2,-1,7,-3,-283,4295,-244,-1247,-294,-4002,163304
-2,15,13,11,28,-5,5,5,-3,7,-4,-1,7,-3,-1049,5172,-776,-1380,-237,-4000,163304
-3,16,15,10,27,-7,4,5,-4,8,-3,-3,5,-3,-565,6290,-171,-1657,-448,-3182,163304
-2,16,12,12,27,-5,6,5,-4,7,-2,-2,5,-3,377,7143,-943,-1543,77,-1928,163304
-3,16,15,12,28,-5,5,4,-3,6,-5,0,6,-4,3602,6136,-2334,-1647,867,-1957,163304
-2,17,14,13,25,-5,5,4,-4,6,-3,-2,6,-2,6686,5457,-3454,-216,684,-457,163304
-2,17,13,12,25,-5,6,3,-4,7,-3,0,4,-4,-2868,3957,601,2024,526,2289,163304
-2,24,20,5,30,-4,3,4,-4,7,-4,-1,6,-4,-88,4419,-1813,461,51,1910,163304
-2,25,27,4,33,-5,4,5,-4,7,-3,-4,6,-4,-665,4915,-21,-86,409,180,163304
-3,28,32,5,30,-5,5,4,-6,7,-3,-4,7,-4,-937,4071,0,58,78,66,163304
-2,33,37,2,27,-5,3,5,-5,5,-3,-2,7,-2,-1008,3828,-280,81,-36,47,163304
-2,34,43,5,28,-3,5,7,-5,6,-1,-2,6,-4,-1133,3906,-252,-101,48,81,163304
-2,34,45,5,29,-5,4,6,-1,8,-2,-2,6,-4,-1065,4084,-87,98,16,160,163304
-1,32,44,7,26,-5,5,7,-5,8,-2,-1,8,-3,-1038,3928,-279,165,44,298,163304
-1,25,39,10,30,-4,6,5,-4,7,-2,0,7,-3,-884,3907,-326,75,38,318,163304
-3,22,35,13,32,-5,4,6,-3,7,-1,-1,7,-3,-808,3935,-317,94,2,232,163304
-3,23,32,14,31,-4,6,6,-2,8,-2,-1,8,-2,-813,4010,-283,142,-51,194,163304
-3,22,32,16,34,-5,6,6,-2,8,-3,-2,7,-2,-822,3966,-369,96,-14,225,163304
-4,17,29,18,33,-5,6,5,-4,7,-1,-2,7,-2,-835,4161,-261,155,-23,396,163304
-2,15,22,18,33,-5,6,3,-3,7,-3,-2,7,-5,-948,4533,-218,72,-199,850,163304
-1,16,17,14,40,-4,5,7,-4,7,-3,-1,8,-2,-1303,5339,-430,307,-192,1985,163305
-3,14,15,9,31,-4,5,5,-4,8,-3,-1,7,-4,-1910,7121,185,650,-97,3846,163305
-3,14,15,13,36,-6,4,6,-2,5,-2,-3,6,-1,-2074,8065,1178,1824,235,5948,163305
-3,13,11,13,19,21,19,-4,2,7,-2,4,7,-3,-927,5886,396,1728,-540,5773,163305
-4,12,13,9,24,-6,5,4,-3,6,-3,-2,6,-3,-4303,2339,1298,154,-1752,-2492,163305
-4,15,12,11,26,-5,6,3,-5,6,-3,1,6,-4,-3371,213,1295,-1135,346,-2609,163305
-4,14,12,11,26,-5,6,4,-3,8,-3,-2,6,-2,-2511,2399,837,-1803,300,-4966,163305
-3,14,12,13,26,-6,4,5,-4,6,-3,1,6,-5,-426,5030,-598,-1589,-1112,-4548,163305
-4,15,13,14,26,-5,6,4,-3,8,-3,-1,5,-3,-794,6462,-1158,-1951,-52,-4193,163305
-2,15,13,13,25,-6,6,3,-3,7,-2,-1,6,-3,1693,7759,-959,-2071,305,-2593,163305
-4,15,12,13,22,-5,6,4,-3,6,-4,0,6,-4,4335,7208,-2348,-1564,796,-2614,163305
-3,15,12,14,25,-4,6,3,-5,6,-5,-2,7,-3,7568,5931,-3321,-441,778,-713,163305
-3,15,14,10,27,-6,4,3,-5,7,-4,-2,4,-5,-1783,5751,-137,3425,364,2683,163305
-1,25,26,3,31,18,8,5,-1,8,-4,8,0,-3,-907,3947,-1073,42,270,2407,163305
5,26,34,1,35,21,11,7,-2,8,-3,7,2,-3,-357,4614,-222,580,1067,633,163305
2,27,37,2,35,20,14,3,-2,6,-4,6,1,-3,-514,3964,-412,201,219,204,163305
4,29,43,1,31,21,18,0,-3,8,-4,5,6,-3,-698,3997,-432,90,3,31,163305
-3,31,45,3,33,27,20,0,-1,7,-4,4,6,-4,-933,4077,-369,82,75,288,163305
-3,26,42,3,34,-4,4,5,-5,6,0,-2,7,-3,-706,4110,-342,142,-65,308,163306
-3,24,40,3,35,-4,6,6,-5,7,-1,0,7,-2,-631,3913,-531,65,-39,280,163306
-4,22,35,5,40,-4,5,4,-3,6,-2,-1,6,-3,-527,3891,-523,-29,-113,192,163306
-1,24,35,3,40,-3,5,6,-4,7,-3,-2,5,-3,-506,3926,-489,-64,-153,84,163306
-4,22,38,5,40,-4,6,4,-5,6,-2,-2,5,-3,-585,4035,-402,100,-117,72,163306
-3,22,40,4,38,-5,5,4,-5,7,-3,-2,6,-3,-646,4084,-434,226,77,188,163306
-4,22,39,5,42,-2,5,5,-4,7,-3,-1,5,-3,-618,4206,-419,314,166,276,163306
-3,16,28,7,45,-3,5,5,-4,7,-2,0,6,-4,-779,4912,-356,783,-63,793,163306
-3,12,18,11,47,-5,5,6,-5,7,-1,1,8,-4,-1582,5564,-1303,547,-243,1982,163306
-2,13,14,12,51,-4,5,7,-3,7,-1,-1,6,-2,-2515,7471,-797,-9,175,4408,163306
-3,13,11,14,20,-5,5,3,-3,6,-4,0,7,-4,-3271,8417,77,162,193,7758,163306
-3,12,11,12,16,-5,4,5,-3,7,-1,-1,4,-3,-1755,5892,858,3211,374,3295,163306
-3,14,12,13,19,-6,6,4,-4,7,-2,-1,7,-4,-1332,4123,-61,1027,459,-2759,163306
-3,15,11,12,22,-6,6,3,-3,6,-4,0,7,-4,233,1984,733,-533,81,-3995,163306
-4,16,12,13,19,-7,5,4,-3,7,-4,0,6,-4,-328,2149,189,-865,153,-4366,163306
-1,16,12,13,26,-5,6,5,-4,7,-3,-3,7,-3,-526,2759,195,-1609,119,-4314,163306
-4,18,12,14,24,-5,6,4,-3,6,-4,2,7,-3,1,3418,41,-1624,-188,-3577,163306
-2,17,14,14,27,-5,6,6,-5,9,-2,-1,5,-1,755,4398,-580,-1578,-334,-3151,163306
-3,15,11,13,26,-5,7,3,-4,7,-4,0,6,-3,2145,5471,-1472,-754,-116,-2095,163306
-1,17,13,14,23,-6,6,4,-2,7,-3,-3,7,-3,4116,5498,-2150,-610,499,-540,163306
-4,13,11,11,20,-5,5,4,-3,6,-4,0,6,-3,6800,8575,-1312,1472,570,3569,163306
-3,18,18,7,31,-5,5,5,-5,7,-2,-1,6,-3,-2666,3613,733,936,953,1845,163307
-2,27,25,4,32,-4,6,5,-4,7,-3,-1,6,-3,-575,5161,-814,782,630,143,163307
-2,24,37,4,34,-4,6,6,-3,7,-2,-1,6,-3,-1130,4126,-252,-70,34,169,163307
-2,28,41,4,32,-4,5,6,-3,7,0,-1,6,-3,-1038,3933,-339,-239,-97,175,163307
-3,27,42,7,33,-5,4,5,-6,7,-1,-3,6,-3,-1051,3968,-275,-288,-200,240,163307
-3,28,38,7,36,-4,6,5,-3,8,-2,-1,6,-4,-1032,4041,-125,-198,-165,246,163307
-3,24,30,8,34,-5,5,5,-4,7,-3,-3,6,-4,-937,3974,-130,-106,-178,221,163307
-4,21,27,11,36,-5,4,6,-5,7,-1,-2,6,-3,-936,4019,-53,4,-106,144,163307
-1,20,27,10,37,-6,5,7,-4,7,-2,-2,6,-3,-899,4039,-15,336,42,90,163307
-3,19,31,12,39,-4,5,5,-3,7,-2,-2,7,-3,-898,3887,-297,135,69,73,163307
-3,19,30,9,39,-5,5,6,-3,7,-4,-2,6,-4,-842,3898,-301,204,85,78,163307
-4,17,30,14,42,-3,6,6,-4,6,-2,-2,7,-2,-826,3938,-326,135,-18,103,163307
-3,18,28,14,45,-4,4,5,-4,7,-4,-3,7,-3,-848,4052,-307,185,-185,226,163307
-4,16,21,18,46,-5,5,6,-4,6,-1,-2,6,-3,-946,4147,-411,213,-211,415,163307
-3,13,19,15,50,-3,6,7,-5,7,-3,-2,6,-4,-1102,4397,-583,-20,-178,927,163307
-3,15,19,9,54,-2,8,3,-4,7,-4,1,7,-4,-1160,5156,-231,193,-74,1616,163307
-4,12,20,10,54,-4,7,4,-3,7,-4,0,6,-3,-1358,6061,34,864,33,2946,163307
-2,12,16,10,50,43,32,-5,4,4,-3,8,-2,0,-1317,6406,-24,694,-37,4760,163307
6,7,18,11,28,-7,5,4,-4,7,-3,-1,7,-3,-333,6915,976,520,-277,5407,163307
-2,14,10,12,13,-5,4,4,-4,6,-4,0,7,-3,126,3223,1041,33,-1979,130,163307
-4,15,12,11,24,-6,5,3,-3,7,-3,-1,6,-3,-2857,1541,688,494,-292,-1016,163307
-4,15,11,12,24,-6,5,2,-3,7,-4,0,6,-1,-3082,904,716,-988,497,-3339,163308
-2,16,11,12,24,-7,6,3,-4,7,-3,-1,6,-5,-1771,1970,543,-1311,-9,-3792,163308
-2,14,13,11,25,-6,7,4,-5,7,-3,-1,6,-2,-1140,4138,-127,-1407,-680,-4231,163308
-1,14,12,13,21,-6,6,5,-3,8,-2,0,5,-2,-767,5726,-522,-1887,-178,-3708,163308
-4,16,13,13,23,-6,7,3,-3,7,-4,-2,6,-3,544,7491,-841,-1594,151,-2278,163308
-4,16,12,12,24,-7,6,4,-3,8,-2,0,6,-5,2867,7234,-1503,-1687,421,-1671,163308
-2,17,11,12,19,-5,7,4,-3,8,-2,-1,5,-4,5223,5743,-2295,-1527,864,-1168,163308
-3,16,10,11,19,-4,5,3,-4,6,-4,-1,6,-3,3194,7496,-2319,6097,3218,2335,163308
-3,21,16,11,28,-4,5,4,-4,8,-2,0,7,-4,-786,4028,-1954,556,476,2553,163308
-2,26,23,4,30,-5,4,5,-4,7,-2,-2,6,-2,-543,4879,-245,-307,538,213,163308
-1,25,28,2,29,-5,6,6,-5,7,0,-1,7,-3,-818,4181,202,-27,171,29,163308
-2,28,35,5,26,-6,6,6,-4,7,-2,1,6,-3,-918,3918,-60,346,-16,54,163308
-2,28,42,7,25,-5,4,6,-4,8,0,-1,7,-3,-998,3840,-356,-49,97,6,163308
-2,31,47,7,26,-4,3,4,-3,7,-1,-1,7,-2,-1003,4145,-15,-17,-6,27,163308
-1,33,51,8,26,-4,5,5,-3,5,-1,-3,7,-2,-1021,3962,-156,86,-2,80,163308
-3,29,47,8,27,-6,5,4,-4,8,-2,-2,6,-5,-954,3898,-216,58,29,87,163308
-4,31,47,8,31,10,16,-3,1,6,-5,7,1,-2,-907,3914,-229,175,-25,110,163308
4,26,48,10,30,21,19,0,-2,7,-3,6,6,-4,-948,3911,-281,89,-2,125,163308
0,22,43,12,34,23,22,-3,-2,5,-3,4,5,-3,-925,3933,-319,42,-15,191,163309
-3,21,39,16,35,27,24,-2,-1,6,2,-2,5,2,-953,4017,-252,105,120,307,163309
7,9,32,20,37,-5,6,4,-4,6,-1,-3,6,-1,-960,4288,-166,262,117,566,163309
-2,14,19,19,42,-5,6,5,-4,7,-4,-2,6,-4,-1125,4849,-263,608,-273,1208,163309
-4,14,16,10,45,-5,7,3,-4,7,-3,1,6,-4,-1400,5661,-406,396,-246,2354,163309
-1,15,15,11,53,-3,6,5,-4,7,-4,-1,5,-4,-1622,6724,-23,1313,-23,4230,163309
-2,16,12,13,43,-4,4,7,-4,6,2,-3,7,-1,-593,6840,604,805,-270,5875,163309
0,12,11,12,16,-4,6,3,-5,7,-5,0,6,-4,-832,5182,1584,2428,-2095,3276,163309
-3,15,12,10,26,-5,7,3,-3,7,-4,0,6,-3,-5516,2052,1171,454,-1538,-1315,163309
-2,16,13,12,27,-6,5,5,-4,7,-3,-1,6,-4,-4017,1014,1153,-2127,761,-2622,163309
-2,16,12,12,27,-6,6,7,-4,8,-2,0,6,-2,-1746,3550,300,-1944,-832,-4854,163309
0,15,13,12,28,-6,6,4,-5,6,-3,-1,7,-3,-1329,5251,-1425,-1807,-1316,-4034,163309
-4,16,12,10,27,-5,6,2,-3,8,-2,-2,8,-3,-1709,6650,-1298,-2273,55,-3705,163309
-3,15,14,10,29,-6,7,5,-4,6,-3,-2,6,-4,1426,8374,-1301,-1962,-21,-2824,163309
-2,16,13,12,29,-7,6,6,-4,6,-3,0,6,-2,5149,6709,-3445,-2020,856,-2338,163309
-3,15,10,12,26,-6,4,3,-5,8,-4,0,6,-4,7565,13021,-6438,2516,1016,2398,163309
-3,21,15,12,29,-4,6,4,-4,6,-3,1,7,-4,-2041,3440,-1343,1314,1083,3183,163309
-3,27,31,1,31,-5,4,6,-3,6,-2,-2,7,-4,-34,5772,-948,416,912,1167,163309
-2,27,32,0,27,-4,4,6,-6,7,-3,-2,6,-3,-584,4187,-312,-134,348,283,163309
-2,29,39,1,25,-5,4,7,-2,7,-3,-3,7,-2,-745,4163,-245,415,87,175,163309
-2,29,44,7,26,-4,6,7,-5,5,0,-4,7,-4,-809,3799,-822,-76,61,144,163309
-3,27,39,8,27,-6,4,3,-5,6,-4,-1,4,-3,-843,4148,-386,15,28,207,163310
-3,24,36,9,28,-5,5,7,-4,5,-3,-2,6,-3,-745,3916,-593,102,24,201,163310
-5,23,32,10,30,38,22,3,-1,6,4,-1,3,4,-642,3842,-665,26,51,158,163310
6,11,29,15,31,-5,5,5,-3,7,-3,-1,7,-4,-651,3958,-574,92,14,118,163310
-2,21,33,14,34,-5,7,5,-5,6,-3,-1,6,-2,-665,4008,-598,140,34,160,163310
-2,20,31,14,35,-3,6,5,-4,6,-2,-3,8,-4,-710,4069,-619,209,28,291,163310
-2,18,27,18,36,-5,6,4,-4,6,-2,-1,7,-3,-760,4440,-544,176,26,528,163310
-3,14,18,17,44,78,21,9,-5,7,1,-2,7,-3,-1071,5086,-833,508,-159,1450,163310
-3,15,16,11,47,-2,8,6,-5,6,-4,1,5,-4,-1263,5615,-747,213,-499,2870,163310
-3,14,16,12,47,-5,4,7,-3,6,-2,-2,6,-2,-2105,7882,307,1100,205,5347,163310
-2,14,12,13,28,-5,5,4,-5,6,-1,-1,6,-2,-1420,8443,-267,1503,223,6620,163310
-2,14,10,12,12,-3,6,4,-4,6,-4,0,6,-3,-569,1155,1783,-378,-2667,288,163310
-3,14,13,11,23,-5,4,3,-4,7,-3,-1,6,-4,-4061,984,1178,-486,-12,-2231,163310
-2,16,14,11,18,-6,5,2,-4,7,-3,0,4,-5,-3369,1688,924,-1967,499,-4469,163310
-3,16,14,12,24,-4,5,3,-5,9,-3,-1,6,-4,-1337,4279,-8,-1963,-994,-5249,163310
-3,16,13,12,26,-5,6,4,-4,7,-4,-1,7,-4,-1520,6226,-1420,-1984,-774,-4704,163310
-3,18,12,13,24,-6,5,5,-4,9,-3,-2,6,-3,-345,8687,-1348,-2534,616,-3863,163310
-2,17,12,13,20,-6,7,3,-2,9,-3,-1,6,-5,4652,8543,-1326,-1813,153,-3461,163310
-4,14,12,11,27,-6,6,2,-4,7,-3,0,6,-4,7520,6685,-4504,-687,823,-1028,163310
-3,13,11,13,15,-7,5,2,-3,7,-3,1,6,-3,-2608,3734,-1155,1484,-1057,2453,163310
-3,24,25,5,29,-6,4,3,-5,5,-2,-1,6,-4,-293,4001,-2388,504,50,2812,163310
-4,28,29,2,31,-4,4,5,-6,7,-2,-3,7,-3,-505,5672,-330,750,1204,1072,163311
-2,30,34,0,28,-4,5,5,-5,7,0,-3,7,-3,-658,4175,-157,290,242,160,163311
-1,32,43,4,24,-5,5,6,-3,5,-3,-2,6,-2,-881,3959,-489,322,-28,36,163311
-2,34,47,5,25,-4,4,5,-4,7,-2,-2,7,-4,-1011,3855,-651,-81,23,140,163311
-1,32,45,7,27,-4,6,6,-3,6,-3,-2,6,-1,-917,4004,-429,-131,-35,188,163311
-2,29,40,8,28,-4,5,6,-4,8,-3,-3,6,-2,-937,3952,-420,71,-106,244,163311
-2,27,38,9,27,-4,5,6,-5,7,-2,-1,8,-3,-872,3886,-515,88,74,254,163311
-3,25,37,9,30,13,20,-4,3,6,-4,7,-1,-3,-762,3973,-468,129,46,176,163311
4,19,36,15,31,-5,5,5,-4,8,-3,-2,5,-3,-835,4028,-469,189,77,177,163311
-2,21,33,16,35,-6,6,4,-4,8,-2,-3,7,-2,-830,4062,-521,216,78,350,163311
-3,14,25,19,36,-5,7,4,-4,7,-2,-1,6,-2,-869,4557,-376,494,-74,568,163311
-4,13,17,17,44,-5,7,4,-2,7,0,-1,7,-1,-1074,4863,-845,291,-407,1357,163311
-3,14,16,10,45,-4,6,4,-5,8,-3,-1,7,-4,-1467,5803,-739,221,-389,2739,163311
-4,14,12,12,14,-4,5,4,-5,7,-5,-1,6,-4,-1298,1000,1295,549,-2059,585,163311
-3,13,13,10,47,-5,5,6,-3,6,0,-2,5,-1,-2348,8105,450,1259,273,5012,163311
-3,16,11,12,22,-5,7,4,-4,7,-3,0,6,-4,-3988,1110,954,139,481,-1978,163311
-2,14,12,15,32,-7,5,5,-4,6,-1,1,6,-3,-1911,8606,587,2461,774,6385,163311
-4,16,13,14,26,-6,6,4,-3,7,-4,0,8,-4,-2764,1621,1374,-1376,1426,-4121,163311
-1,16,14,11,27,-6,6,5,-3,6,-4,-1,5,-3,-1617,3603,816,-1676,913,-5235,163312
-1,16,12,11,27,-6,8,4,-4,7,-3,-3,7,-4,-597,6059,-543,-1586,350,-4871,163312
-3,14,15,11,26,-5,6,3,-4,7,-4,-2,4,-4,-222,8109,-976,-1283,94,-4038,163312
-4,16,13,13,26,-5,6,3,-3,7,-2,0,7,-2,2818,8660,-417,-1065,-250,-2626,163312
-3,14,15,12,31,-5,6,6,-4,7,-4,-2,6,-4,4618,6619,-4398,-1356,210,-1934,163312
-1,15,11,13,25,-6,7,4,-4,6,-3,-1,7,-4,7936,5122,-4666,2993,-295,4308,163312
-2,23,24,5,31,-4,4,4,-5,6,-2,-1,6,-4,-1161,5215,-1198,985,1184,2706,163312
-2,27,32,2,32,-5,5,4,-5,6,-4,2,7,-4,-401,4639,-900,-101,630,382,163312
0,29,33,5,30,-4,5,5,-4,7,-1,-1,7,-2,-731,4119,-332,125,203,115,163312
-2,31,40,6,27,-4,4,6,-3,8,-1,-3,6,-4,-922,3848,-696,155,50,119,163312
-3,33,43,9,28,-3,7,5,-4,7,-3,-2,7,-1,-999,3936,-681,-13,55,200,163312
-3,29,43,10,29,-4,5,5,-4,7,-3,-2,4,-5,-888,4014,-603,114,22,170,163312
-5,23,39,13,30,-5,5,4,-6,7,-4,-2,6,-4,-900,3873,-757,43,65,159,163312
-3,25,35,14,32,-4,6,4,-4,7,-1,-1,6,-3,-761,3849,-744,108,71,132,163312
-2,23,36,15,33,-6,6,5,-5,5,-2,-1,5,-4,-715,3794,-838,53,20,60,163312
-2,22,39,18,38,34,23,-1,-2,3,4,-3,4,6,-788,3901,-749,72,-101,29,163312
6,20,38,17,39,42,23,2,-2,5,4,-4,6,5,-884,3920,-811,13,-37,178,163312
4,14,36,22,42,-6,5,6,-4,6,-2,-3,6,-3,-948,4215,-570,180,62,414,163312
-3,16,23,19,43,-5,5,3,-4,6,-3,-1,6,-3,-1244,4862,-546,558,-131,1073,163312
-4,15,18,11,47,-3,7,5,-5,7,-4,-1,6,-3,-1509,6240,-657,447,-320,2633,163312
-3,13,17,9,51,55,32,-1,-2,7,-1,-4,6,1,-2328,7851,509,1415,-202,5309,163312
1,9,13,11,36,-5,4,6,-3,7,0,-2,7,-2,-1887,7308,425,1526,-589,6304,163313
-4,15,12,12,22,-7,5,4,-4,6,-4,-1,6,-4,-3103,177,1809,-1148,-2349,-683,163313
-1,15,15,11,26,-4,6,5,-4,8,-4,-2,6,-1,-3515,236,986,-1639,1004,-1707,163313
-2,15,15,12,28,-5,5,5,-3,6,-3,-1,6,-2,-2240,2011,601,-1962,-61,-4418,163313
-3,15,14,11,26,-5,6,4,-4,7,-4,-1,7,-4,-1208,4110,-712,-1821,-1141,-4337,163313
-3,17,17,12,29,-5,6,4,-4,8,-4,-1,5,-3,-1391,5925,-2040,-2017,-693,-4210,163313
-3,16,14,11,27,-5,5,4,-5,6,-3,1,5,-3,-186,7537,-1771,-1691,-466,-3193,163313
-2,19,14,13,27,-5,5,4,-5,8,-1,0,6,-3,2030,7508,-2333,-1748,689,-2237,163313
-3,17,15,13,28,-5,6,4,-2,6,-3,-1,7,-3,4691,5860,-3438,-1282,1699,-1479,163313
-3,13,12,13,26,-6,7,5,-3,8,-3,1,7,-4,5825,10397,-4448,5565,1586,2760,163313
-3,19,17,9,29,-3,7,4,-3,7,-3,0,7,-2,-2019,3894,-498,903,932,2838,163313
-3,27,30,4,31,-4,6,5,-4,7,-1,-1,6,-3,96,5679,-756,497,765,584,163313
-3,27,33,4,30,-5,6,5,-5,7,-2,0,7,-3,-848,3885,-699,-295,216,185,163313
-1,30,37,5,28,-5,4,5,-4,6,-1,0,7,-3,-973,4073,-275,242,11,162,163313
-2,31,44,7,27,-4,4,5,-4,6,-1,-2,5,-3,-1000,3836,-725,58,-29,98,163313
-3,32,47,7,27,-3,5,6,-4,8,-2,-3,7,-3,-1015,4004,-558,59,-19,235,163313
-3,25,42,9,30,-4,3,6,-4,7,-2,1,7,-2,-925,3857,-685,90,-113,247,163313
-4,26,39,10,31,-4,6,5,-2,7,-2,-3,7,-3,-904,3864,-653,10,-19,217,163313
-3,23,37,6,34,-3,6,5,-4,7,-3,-2,7,-4,-800,3887,-655,112,17,157,163313
-4,23,37,8,34,-6,5,5,-4,6,-3,-1,7,-3,-892,4015,-602,187,61,206,163313
-4,20,34,9,35,-4,5,4,-4,5,-3,-2,5,-4,-823,3905,-734,137,147,262,163313
-2,17,29,6,36,-3,5,5,-3,7,-3,-2,8,-3,-828,4050,-659,78,152,386,163314
-3,14,19,16,40,-5,7,4,-3,6,-3,-2,6,-4,-994,4458,-894,-141,-137,1060,163314
-3,13,15,9,40,-4,7,5,-4,5,-4,1,7,-4,-1101,5256,-788,-371,-389,2195,163314
-2,14,15,13,48,-5,6,5,-3,7,1,-4,7,-2,-1881,6598,-478,98,-104,4193,163314
-3,14,13,12,35,-7,6,5,-3,7,-1,-3,6,-2,-2541,7793,-847,1802,1036,6219,163314
0,12,11,12,14,-4,4,4,-5,7,-4,-1,6,-3,-602,5461,557,2285,984,4305,163314
-2,15,11,13,20,-6,6,3,-4,7,-3,1,7,-4,-3991,1522,1455,1230,-685,-3135,163314
-2,13,14,9,27,-6,6,3,-4,8,-4,-2,6,-5,-3879,246,1173,292,1674,-4090,163314
-3,15,14,12,28,-5,7,4,-3,7,-4,1,6,-3,-2799,3536,988,-685,2536,-6101,163314
-2,15,15,13,28,-6,7,4,-3,8,-2,-1,8,-2,-733,6883,462,-427,3512,-5338,163314
-3,17,14,11,28,-5,7,4,-4,7,-3,0,6,-4,1334,7882,2266,-1689,6051,-4198,163314
-2,15,11,13,28,-6,6,3,-2,8,-2,0,7,-2,4788,7916,3779,-613,5059,-2443,163314
-2,14,16,10,29,-5,6,3,-5,6,-4,0,5,-3,4918,5377,4249,-1357,2771,-863,163314
-2,16,13,12,26,-4,7,3,-4,7,-2,0,5,-4,4059,4205,2072,-2283,624,1303,163314
-3,13,10,12,26,-7,7,3,-3,7,-3,-1,5,-3,2444,7451,-1214,1115,-317,296,163314
-3,18,21,6,28,-5,5,4,-4,8,-3,-2,8,-4,-976,4363,-12,91,105,234,163314
-2,20,25,6,27,-5,6,4,-5,6,-2,-3,5,-5,-604,3872,-394,-282,-120,198,163314
-3,20,29,7,28,-4,4,6,-5,8,-3,-2,7,-4,-714,4183,-63,184,-32,238,163314
-3,22,28,6,28,-4,4,6,-5,7,-2,-2,7,-1,-550,3907,-421,88,35,119,163315
-3,23,34,10,29,-4,6,4,-4,7,-1,-2,6,-5,-559,3979,-343,14,36,60,163315
-4,22,34,12,29,-4,5,5,-4,8,-4,1,6,-3,-605,4028,-333,-9,132,-4,163315
-2,24,35,12,30,-5,6,5,-4,6,-4,-1,6,-2,-673,4142,-243,152,161,94,163315
-3,21,36,15,30,-4,6,4,-5,8,-3,0,6,-2,-559,3993,-406,23,155,44,163315
-3,22,33,16,31,-4,6,5,-5,7,-3,0,6,-4,-496,3908,-471,17,97,-30,163315
-2,21,37,19,32,-4,7,4,-4,7,-2,0,7,-2,-569,3958,-448,30,115,-9,163315
-2,24,38,17,31,-5,7,5,-5,6,-3,-2,5,-5,-553,3957,-471,45,79,0,163315
-4,23,39,17,30,-5,6,3,-5,7,-4,-1,5,-4,-579,3965,-486,-59,92,3,163315
-3,21,39,21,31,-4,6,2,-5,6,-3,-1,5,-4,-573,4002,-441,-15,71,7,163315
-3,22,39,19,34,-5,7,4,-4,7,-4,-1,5,-3,-607,3996,-455,3,92,20,163315
-4,21,40,19,33,-6,6,3,-3,6,-3,-2,6,-3,-619,4105,-370,57,71,62,163315
-3,19,36,18,33,-6,6,3,-4,6,-2,-1,5,-5,-724,4305,-270,161,108,179,163315
-3,16,25,17,34,-6,6,6,-6,8,-3,-2,7,-3,-957,4844,-198,532,-166,613,163315
-2,15,19,8,33,-5,4,5,-7,6,-3,0,6,-4,-1255,5285,-581,1167,361,1278,163315
-4,16,16,6,41,31,23,-5,0,7,-3,3,3,-4,-1279,6287,-474,2928,1552,1078,163315
0,12,18,9,29,-4,5,4,-4,6,-3,-2,7,-3,-797,4747,577,4110,3486,-647,163315
-3,15,14,7,27,-5,6,4,-4,5,-4,-1,6,-4,-269,3712,2159,288,4178,-2044,163315
-4,15,17,8,30,-5,6,4,-4,6,-2,-3,7,-6,147,3274,1357,-450,2883,-1844,163316
-3,15,14,10,30,-6,4,4,-4,8,-2,-2,5,-3,-879,3523,1110,-875,3608,-2241,163316
-2,16,15,7,32,-5,5,5,-5,7,-4,-1,7,-3,-290,4131,1696,-1395,3393,-2081,163316
-3,16,14,7,32,-4,4,4,-5,5,-3,-1,6,-4,-347,4352,1333,-1580,2425,-2162,163316
-3,15,15,9,30,-5,5,5,-3,7,-3,-2,7,-3,-578,4888,523,-1669,1840,-2008,163316
-3,16,15,10,32,-7,5,5,-6,7,-3,-2,6,-4,-278,5244,-112,-1452,955,-1314,163316
-4,18,13,13,30,-6,5,3,-5,5,-4,-1,5,-4,-13,5054,-904,-1347,1108,152,163316
-4,17,13,13,29,-6,6,4,-3,5,-3,-1,6,-3,450,5445,-1039,-1250,1118,-2383,163316
-3,16,15,11,30,-6,4,4,-5,7,-4,-3,5,-4,2562,4666,-975,-1199,1073,-1715,163316
-1,16,11,13,25,-7,6,3,-4,6,-4,-2,5,-4,5555,6265,-2602,1149,1137,1794,163316
-3,15,16,10,32,-4,4,4,-4,7,-5,-1,6,-3,-560,4418,-865,1533,-137,2450,163316
-3,26,22,2,32,-5,3,6,-4,7,-3,-1,6,-4,-271,4590,-337,-244,402,119,163316
-1,27,30,1,30,-5,6,4,-5,7,-1,-3,6,-2,-716,4173,47,-274,139,41,163316
-1,27,34,3,27,-5,6,4,-4,7,-1,-3,7,-3,-882,4055,100,283,73,159,163316
-3,28,40,4,30,-3,4,6,-6,7,-3,-2,7,-4,-781,3836,-307,-78,55,120,163316
-4,27,41,5,30,-4,4,4,-5,6,-4,-1,4,-5,-806,4154,9,90,20,138,163316
-1,29,43,9,32,-6,6,5,-5,6,-2,-3,6,-3,-779,4056,-155,108,-43,197,163316
-3,24,37,10,33,-5,5,6,-5,7,-4,-2,6,-4,-727,3983,-206,32,-35,244,163316
-4,22,35,9,35,-4,7,3,-5,6,-3,-3,6,-3,-640,3956,-216,91,-19,224,163316
-3,21,32,13,37,-4,6,3,-6,8,-1,-3,6,-3,-579,3924,-272,33,-35,161,163316
-3,19,32,15,37,-6,6,4,-5,7,-3,0,7,-2,-589,3988,-283,46,14,178,163316
-2,17,29,15,37,-5,4,4,-4,7,-2,-2,5,-3,-597,4065,-259,-75,-120,270,163316
-2,16,23,19,37,-5,7,4,-4,7,-2,-2,7,-4,-589,4288,-91,89,-201,449,163316
-4,15,22,15,41,-5,6,5,-6,9,-2,-1,6,-3,-739,4474,-355,85,-277,945,163316
-2,17,20,9,41,-2,7,4,-5,7,-3,0,8,-3,-852,5097,-260,-58,-320,1704,163317
-6,16,19,6,45,-5,3,6,-5,6,-3,-2,6,-4,-966,6035,154,268,-371,3191,163317
-2,14,17,6,27,-5,6,5,-4,5,-3,-4,5,-3,-2453,8454,1106,1807,366,5798,163317
-3,13,13,12,24,-5,6,5,-4,6,-3,-1,3,-4,-1034,6604,1357,825,-363,6303,163317
-3,14,12,11,23,-4,5,5,-4,6,-4,-1,5,-3,-1928,1141,1159,127,-2671,-1644,163317
-2,17,12,13,23,-6,5,4,-4,6,-3,0,5,-4,-3444,761,875,441,226,-2873,163317
-3,16,13,13,25,-6,5,3,-5,7,-2,-1,5,-3,-2453,1923,1108,-1484,872,-4964,163317
-2,17,12,10,25,-6,5,4,-4,8,-3,0,6,-4,-142,4401,398,-1598,-720,-5118,163317
-3,17,13,12,27,-5,5,4,-4,6,-5,-2,5,-2,-542,6152,-978,-1802,-1047,-4069,163317
-5,16,14,12,26,-6,6,4,-4,7,-4,0,5,-4,164,7784,-651,-2229,455,-3186,163317
-4,16,12,12,28,-7,6,4,-4,7,-5,-3,5,-3,4173,7807,-51,-2593,-340,-2369,163317
-3,15,16,10,29,-4,7,2,-4,7,-4,-1,6,-5,4865,6513,-3601,-1533,521,-1138,163317
-3,15,11,13,22,-7,6,3,-3,7,-5,-1,5,-3,2819,11907,-4808,5881,1858,2003,163317
-3,18,18,8,29,-6,5,3,-4,7,-3,-1,5,-3,-1336,3204,-1917,1273,719,2798,163317
-3,25,25,2,31,-6,4,5,-6,7,-2,-1,5,-4,686,5826,379,-93,419,415,163317
-2,28,32,2,28,-4,5,6,-5,7,-3,-2,5,-2,-754,4218,27,-124,289,120,163317
-3,25,34,6,27,-4,4,6,-2,7,-3,-1,7,-3,-826,3912,-82,177,18,98,163317
-2,28,43,5,26,-3,6,7,-3,7,-2,-1,7,-5,-871,3887,-278,-11,28,73,163317
-2,30,46,5,25,-5,5,6,-5,7,-2,0,7,-1,-881,4113,-65,-45,19,82,163318
-2,29,45,6,24,-4,5,6,-4,7,-1,-2,5,-3,-895,4060,-51,228,-33,136,163318
-2,26,44,7,29,-5,4,5,-4,7,-4,-2,6,-4,-890,3981,-162,219,75,186,163318
-4,23,43,8,29,-5,5,4,-4,6,-3,-1,5,-3,-766,3907,-282,153,47,123,163318
-2,25,44,13,33,19,17,-1,0,7,-3,6,1,-1,-760,3916,-333,60,10,132,163318
0,21,40,20,34,33,24,1,-3,5,5,-2,3,5,-847,4090,-194,149,-16,254,163318
7,11,33,21,38,35,20,3,-3,5,4,-2,2,6,-916,4189,-210,211,72,547,163318
7,4,25,18,40,-5,6,3,-2,8,-3,-1,5,-3,-1010,4818,-226,583,-310,1061,163318
-4,13,19,10,49,-2,7,5,-5,7,-5,1,6,-2,-1111,5280,-662,451,-399,2118,163318
-3,13,19,7,51,-2,6,5,-4,7,-2,0,6,-4,-1607,6658,458,603,-596,3977,163318
-3,12,16,6,46,49,31,-3,4,6,-3,8,-3,-1,-2257,8159,1065,2131,591,6408,163318
4,8,16,11,22,24,20,0,-1,5,0,-3,6,2,-1360,5454,1197,2990,-100,5084,163318
2,9,12,11,16,-5,4,5,-3,8,-3,0,5,-3,-4151,1947,1263,-236,-994,-2370,163318
-2,16,15,8,26,-5,5,5,-4,7,-2,0,6,-5,-2149,520,1236,-1136,349,-2834,163318
-4,17,15,11,26,-5,5,4,-5,7,-3,1,6,-3,-1492,2547,1252,-2025,-317,-5133,163318
-3,14,14,10,26,-6,5,2,-4,6,-2,-2,6,-3,-231,5410,-490,-2248,-1320,-4326,163318
-3,18,14,13,26,-6,6,4,-4,7,-2,-1,5,-3,-875,6596,-1927,-2445,163,-3789,163318
-4,18,14,13,27,-6,5,5,-5,7,-3,-2,6,-3,535,7751,-1782,-1827,359,-3098,163318
-4,15,16,8,26,-4,5,5,-3,7,-3,0,7,-3,3635,6906,-1953,-1401,762,-2383,163318
-3,15,15,12,27,-4,5,3,-4,8,-4,-1,6,-4,5972,6524,-3344,-2036,-72,-44,163318
-3,17,14,10,27,-5,7,5,-3,6,-4,0,6,-4,-94,5803,-1478,1079,-582,2816,163318
-4,22,24,3,30,-6,5,4,-4,7,-4,-1,4,-4,-200,5944,-550,391,736,1123,163319
-4,25,31,0,31,-5,4,4,-4,4,-5,-2,6,-3,-621,4163,-44,-274,271,129,163319
-5,28,32,1,31,11,13,-2,1,7,-5,7,1,-2,-896,3929,153,20,6,173,163319
-1,25,37,4,26,-4,4,5,-4,7,-3,-2,7,-4,-918,3892,42,73,91,168,163319
-4,31,44,3,25,-3,3,5,-4,6,-3,-2,6,-2,-866,4060,112,19,32,116,163319
-1,31,47,6,27,16,15,2,0,7,-5,6,2,-3,-902,4076,89,85,-25,150,163319
6,28,41,7,28,17,12,3,-2,7,-4,6,1,-2,-861,3962,20,73,-25,180,163319
2,22,39,10,25,16,21,-5,0,7,-4,5,2,-3,-773,3926,-18,158,-57,192,163319
1,20,38,11,27,-5,6,4,-4,6,-4,-2,6,-3,-752,3950,-45,55,-83,127,163319
-3,23,40,11,30,19,20,-1,0,6,-3,6,2,-3,-755,3983,-54,90,-97,138,163319
-3,17,32,16,31,-6,8,5,-4,8,-2,-2,7,-3,-708,4166,-63,223,-49,460,163319
-2,20,37,13,30,-6,7,3,-3,7,-3,1,8,-2,-779,4031,-50,34,-95,196,163319
-3,15,24,16,35,-6,6,6,-5,5,-3,-3,7,-4,-935,4797,1,493,-241,1035,163319
-2,23,37,13,31,-4,5,5,-4,6,-2,-1,7,-2,-773,4087,-4,216,-9,320,163319
-4,16,20,7,35,-3,6,7,-5,7,-4,-1,6,-3,-1024,5162,-432,338,-201,2056,163319
-4,15,21,6,42,-4,4,6,-5,7,-3,-3,5,-3,-1332,6437,383,313,-460,3685,163319
-4,13,15,8,41,-5,4,5,-4,5,0,-5,6,-2,-1622,7958,1055,1918,-79,6330,163319
-1,12,14,12,17,-4,6,3,-4,7,-3,-1,7,-2,-837,5644,778,1332,-555,5640,163319
-4,12,14,10,24,-6,5,4,-2,7,-1,-1,6,-3,-4238,2021,1501,83,-2181,-2477,163319
-2,16,14,8,25,-5,8,4,-4,6,-4,-1,7,-3,-3232,-20,1286,-679,65,-2826,163319
-4,14,16,9,26,-4,5,6,-4,7,-2,0,6,-4,-2126,2897,1260,-1724,468,-5313,163319
-2,17,13,13,28,-5,6,4,-4,8,-4,-1,5,-4,153,5533,92,-1783,-1035,-4780,163320
-1,16,14,13,25,-5,6,4,-2,7,-2,0,8,-3,-1063,6668,-744,-2100,-72,-3953,163320
-4,18,15,9,29,-5,5,4,-5,7,-4,-2,6,-3,692,8411,-457,-2481,537,-3025,163320
-3,16,13,12,27,-5,5,3,-5,6,-5,-2,6,-3,4876,7496,-1306,-2407,157,-2648,163320
-3,16,14,12,27,-5,5,3,-3,6,-3,-2,6,-3,8134,6466,-3191,-1302,558,-252,163320
-3,15,10,12,16,-3,5,4,-4,7,-5,1,6,-3,-3371,7001,-362,5129,2400,1720,163320
-3,23,23,4,28,-4,5,3,-6,7,-4,-3,7,-4,61,3527,-3028,719,-45,2665,163320
-3,27,28,3,33,11,17,-4,3,8,-4,7,-1,-4,359,5727,-88,159,366,348,163320
7,28,32,3,31,13,13,-1,1,6,-4,7,1,-3,-658,4213,163,15,214,107,163320
5,30,39,5,25,14,9,1,0,7,-6,7,1,-3,-761,3996,-57,283,10,79,163320
6,31,45,5,26,7,11,-1,0,7,-4,7,3,-3,-879,3935,-270,-50,52,75,163320
5,31,45,6,27,-4,4,5,-3,7,-2,-2,6,-4,-839,4099,-75,-128,-18,112,163320
-2,27,40,8,26,-4,5,4,-3,7,-4,-2,6,-4,-811,4026,-68,223,-134,199,163320
-3,29,40,9,30,-5,6,4,-5,8,0,-2,5,-3,-805,3941,-209,115,-10,239,163320
-4,25,38,10,28,-5,5,5,-3,7,-3,-1,6,-5,-691,3927,-243,148,1,196,163320
-3,21,35,13,31,-5,5,3,-5,6,-4,-2,5,-3,-674,3998,-268,124,25,236,163320
-4,19,30,16,32,-5,21,-5,2,7,-4,7,-1,-4,-708,4167,-202,94,-9,367,163320
-2,12,24,17,33,42,23,2,-4,3,2,-3,6,4,-760,4382,-167,109,-65,613,163320
5,1,21,16,37,-3,6,5,-4,8,-4,-1,6,-4,-989,5013,-341,257,-296,1468,163321
-3,16,17,9,45,-3,6,5,-4,6,-5,-1,7,-4,-1455,6388,-259,543,-269,2895,163321
-3,14,14,10,45,47,32,-1,1,6,-5,7,-1,-4,-1756,7405,968,1367,-151,5354,163321
1,8,16,10,34,32,24,-4,-2,5,2,-3,5,3,-157,6565,299,371,-817,5990,163321
3,4,14,12,14,-5,6,1,-5,5,-4,-3,5,-4,-368,1866,1035,173,-3280,435,163321
-4,12,15,9,27,-5,6,4,-4,7,-2,-1,6,-2,-3433,1309,586,288,-852,-1583,163321
-3,15,12,14,25,-6,7,4,-5,6,-4,-2,6,-3,-2762,1419,776,-1717,892,-3457,163321
-2,18,13,13,26,-5,6,4,-4,6,-3,0,6,-3,-505,3676,340,-1918,-162,-4488,163321
-3,15,14,11,29,-6,5,5,-5,5,-3,-2,4,-5,134,5275,-853,-1717,-1172,-3876,163321
-5,15,15,10,28,-7,4,5,-4,6,-2,-2,4,-2,-476,6282,-1351,-1755,-176,-3292,163321
-3,15,13,12,28,-5,7,3,-2,6,-3,1,6,-4,717,7020,-1355,-1653,550,-2260,163321
-2,16,12,13,25,-6,5,4,-5,7,-5,-1,5,-4,3202,6207,-2016,-1370,1406,-2190,163321
-3,14,15,12,31,5,18,-4,2,6,-3,5,0,-4,5888,6262,-4018,-1397,1941,483,163321
-2,11,17,11,28,-6,6,3,-5,7,-3,-1,8,-5,-593,4542,-1109,1856,-113,2581,163321
-3,23,20,6,32,18,13,-2,2,6,-4,6,-1,-2,-231,5806,-676,1083,827,1157,163321
6,23,27,6,31,14,13,-2,0,6,-3,6,0,-2,-524,4037,-368,-334,308,212,163321
4,23,28,8,29,17,11,0,1,7,-2,7,-1,-1,-747,4001,84,5,120,228,163321
3,25,32,8,28,-4,5,4,-4,7,-2,0,6,-5,-746,3938,-94,160,102,159,163321
-3,28,39,9,28,-4,4,5,-4,7,-3,-3,8,-2,-753,4074,-104,-37,0,122,163322
-1,29,42,12,31,-5,5,5,-5,7,-2,-2,5,-2,-804,4198,16,70,-51,222,163322
-4,26,36,15,32,-5,6,4,-5,7,-4,-2,6,-4,-691,3964,-170,3,-45,228,163322
-3,22,35,15,34,-5,6,4,-4,6,-3,-1,7,-4,-606,3920,-153,48,-12,190,163322
-4,19,33,16,34,-5,5,4,-5,6,-4,-2,6,-2,-549,3913,-183,30,-23,114,163322
-2,21,36,19,35,-6,6,5,-4,6,-3,-2,6,-4,-569,3951,-207,-26,-66,110,163322
-2,23,36,19,38,-8,6,4,-3,7,-3,-1,5,-4,-586,3996,-186,-138,-102,129,163322
-3,22,33,20,37,-4,7,5,-4,5,-4,-1,6,-4,-566,4048,-99,-113,-81,129,163322
-2,20,31,20,37,-5,6,3,-4,8,-2,-1,7,-4,-550,4085,-23,16,-57,148,163322
-2,19,28,20,34,-5,7,4,-3,7,-2,-2,6,-5,-567,4109,-81,85,-103,271,163322
-2,16,24,19,36,-5,7,4,-4,6,-4,-1,6,-3,-573,4279,-78,-68,-165,456,163322
-2,16,21,16,38,-4,5,6,-5,7,-4,-1,6,-4,-645,4614,-23,254,-190,880,163322
-3,15,20,7,40,-4,6,6,-5,5,-3,-2,7,-5,-665,5026,-72,-14,-279,1642,163322
-2,15,19,7,0,8,-2,4,6,-3,3,3,-3,4,-751,5806,258,881,-138,2901,163322
6,5,19,10,30,38,27,-4,-2,6,-5,2,5,-3,-312,5932,266,818,-214,4101,163322
-3,14,14,10,33,35,26,-2,-2,6,0,-3,6,1,-396,6164,825,1110,-673,4445,163322
0,8,14,13,15,-6,6,4,-4,7,-4,0,7,-4,-688,3079,1192,922,-3216,1547,163322
-2,15,14,9,27,-5,4,2,-4,7,-3,-1,6,-5,-4279,1567,460,674,-387,-2335,163322
-4,15,13,12,25,-5,5,4,-2,7,-4,-1,6,-4,-2784,1490,499,-1615,957,-3744,163322
-2,15,19,7,29,-5,4,4,-4,7,-3,-2,8,-4,-427,4379,-276,-1129,-71,-4689,163322
-3,16,16,10,30,-5,6,5,-4,7,-4,-2,6,-2,-340,5498,-1383,-1177,-507,-3614,163322
-2,18,14,11,30,-5,6,5,-2,6,-2,-2,7,-2,-198,6090,-960,-1763,848,-2505,163322
-4,18,17,10,32,-4,4,4,-4,7,-2,-2,5,-3,2528,6905,-1070,-1856,877,-1822,163322
-3,18,15,10,30,-6,5,5,-4,6,-3,-3,5,-3,4658,5838,-1589,-1253,1040,-983,163322
-4,19,15,10,32,-4,5,4,-4,7,-4,-2,7,-1,5327,5059,-1886,223,496,-60,163323
-3,16,13,12,26,-6,8,1,-4,5,-4,1,7,-4,-2709,3649,1149,1448,-192,1773,163323
-2,20,24,5,33,-5,6,4,-4,9,-2,-1,7,-3,-365,4041,-1119,386,189,1846,163323
-3,25,29,3,32,17,11,2,2,7,-4,6,0,-2,-480,4183,-428,-90,346,202,163323
7,23,30,6,28,18,21,-2,0,6,-4,7,2,-2,-673,4092,-115,61,145,175,163323
3,24,34,4,28,-4,4,5,-5,5,-1,-1,6,-3,-633,3897,-368,93,20,165,163323
-1,27,40,5,28,16,20,0,-1,7,-4,6,4,-3,-694,4046,-306,41,14,133,163323
0,24,40,8,29,-3,4,5,-2,7,-2,-3,5,-3,-674,4089,-281,63,-22,116,163323
-3,25,40,11,31,-4,5,6,-3,6,-3,-2,7,-4,-723,4031,-323,58,12,168,163323
-2,22,37,9,31,-4,6,5,-4,8,-4,-2,5,-4,-607,3943,-377,-4,8,177,163323
-4,20,37,13,32,-5,6,3,-5,7,-2,-1,5,-4,-568,3920,-422,-17,14,180,163323
-2,20,36,13,32,-4,5,4,-5,8,-3,-1,6,-3,-533,4023,-366,14,28,214,163323
-4,20,33,12,35,-6,5,5,-4,6,-2,-1,6,-4,-538,4056,-367,-6,19,236,163323
-4,17,28,14,35,-6,5,5,-5,7,-3,-3,7,-4,-453,4017,-357,-18,26,196,163323
-2,16,26,15,35,-5,6,3,-4,7,-2,-2,5,-4,-442,4090,-354,52,-3,227,163323
-3,18,22,15,36,-5,4,4,-4,6,-4,-3,5,-5,-441,4173,-424,65,-61,352,163323
-1,16,20,11,37,-4,6,6,-5,6,-3,-3,5,-5,-549,4518,-322,-42,-94,634,163323
-3,15,21,6,35,-6,6,5,-4,6,-4,0,6,-3,-656,5096,-62,352,-272,1281,163323
-2,16,16,8,42,-4,3,5,-5,7,0,-2,6,-1,-732,4796,-853,147,-170,2241,163324
-1,17,14,11,28,-5,4,4,-4,7,-3,0,7,-3,95,2839,451,1331,-675,1765,163324
-1,15,15,10,39,-5,3,6,-4,7,-3,-2,5,-3,-660,5768,-362,246,165,3385,163324
-3,17,15,8,30,-4,5,4,-5,7,-2,-1,6,-4,-2098,1756,643,1277,-609,-1998,163324
-3,16,14,13,34,-5,6,4,-3,7,-2,-2,6,-2,689,5038,221,195,164,3715,163324
-2,17,17,7,30,-5,5,3,-4,8,-3,0,6,-3,-1945,1162,162,-262,-122,-2781,163324
-3,17,15,9,30,-5,4,4,-2,8,-1,1,7,-4,-423,3133,-328,-410,-115,-2994,163324
-4,17,15,12,31,-5,5,4,-4,7,-2,-1,6,-4,543,4456,-688,-529,-413,-2120,163324
-3,17,15,10,32,-5,5,5,-5,7,-4,-2,7,-2,1248,4969,-1285,-787,-58,-1057,163324
-1,18,15,10,32,-5,6,6,-3,7,-2,-1,7,-4,1739,4842,-1511,-1225,-214,-207,163324
-4,17,17,8,31,-4,6,5,-5,8,-3,-2,7,-3,2300,4601,-1039,-948,24,252,163324
-3,17,17,10,33,-6,6,4,-4,7,-3,-1,7,-3,2552,2886,-847,-1762,-399,259,163324
-1,16,19,11,33,-4,6,5,-5,6,-2,-1,6,-4,1285,3807,-1567,-343,186,853,163324
-3,17,16,10,33,-5,6,4,-3,7,-3,1,8,-3,1019,3318,-161,-285,342,574,163324
-3,17,17,10,32,-6,5,5,-4,7,-2,-1,6,-3,2045,4003,-641,-393,308,332,163324
-3,17,15,11,34,-7,5,4,-4,6,-3,-1,7,-5,2709,3719,-594,829,-12,601,163324
-2,16,13,13,28,9,20,-5,3,6,-4,6,0,-3,-896,5844,-651,2450,3154,-3430,163324
5,9,17,12,34,-6,4,6,-5,5,-3,-3,8,-2,-1547,6468,-181,2061,277,-2096,163324
-2,15,11,15,35,-5,7,5,-5,6,-3,-2,7,-3,-1706,4699,-1912,545,181,-495,163324
-4,15,20,18,37,-3,7,4,-5,7,-3,-1,7,-3,-900,4674,-365,20,36,142,163324
-3,16,22,18,40,-1,6,3,-4,7,-2,1,6,-3,-562,4067,-628,110,-16,183,163324
-3,16,19,19,41,-4,7,1,-4,6,-3,0,6,-3,-604,3994,-823,-126,-28,217,163325
-2,17,18,16,45,-5,6,4,-4,7,-3,0,6,-4,-522,3918,-751,-114,-36,322,163325
-4,17,19,17,48,-3,6,5,-5,7,-3,-1,6,-3,-229,3688,-636,-36,-18,92,163325
-4,18,21,16,48,-3,7,4,-4,7,-4,0,6,-3,-202,3724,-612,60,-30,-206,163325
-4,19,21,19,48,-2,7,3,-4,7,-4,2,5,-3,-485,3965,-666,82,-91,-260,163325
-1,20,21,18,44,-3,8,2,-4,8,-4,2,7,-3,-698,4123,-758,3,-128,-36,163325
-4,17,25,19,45,-1,8,3,-4,6,-4,2,6,-3,-663,4076,-725,-116,-103,126,163325
-2,18,23,18,47,-2,8,2,-4,9,-4,4,6,-3,-833,4388,-496,124,-18,333,163325
-3,16,23,17,45,-2,8,3,-4,7,-4,0,7,-3,-691,4200,-762,88,-74,645,163325
-2,18,22,16,50,-3,8,4,-5,8,-2,0,6,-4,-635,4401,-663,-157,-191,966,163325
-2,17,20,8,45,-4,6,6,-4,9,-2,1,6,-3,-1096,5944,-96,417,-280,2055,163325
-4,16,16,10,52,-4,5,4,-3,7,-2,-3,7,-3,-1081,5716,-267,113,-389,3777,163325
-1,17,13,11,45,-5,5,6,-4,6,2,-2,6,-2,-282,6032,-227,889,306,4806,163325
-2,16,13,13,19,-6,6,4,-2,7,-2,-1,6,-2,474,3390,878,1461,-712,3432,163325
-4,16,13,10,29,-5,6,4,-5,7,-2,-2,4,-4,-2494,1630,937,-127,-2889,-1487,163325
-5,16,14,12,31,-4,5,5,-4,7,-3,0,6,-4,-2493,605,234,-1159,-160,-2618,163325
-1,18,14,13,29,-6,5,4,-5,8,-4,-2,6,-4,-854,3293,-293,-1619,394,-4071,163325
-3,18,14,14,31,-5,4,4,-4,7,-3,-2,6,-4,657,4654,-959,-1495,157,-3456,163325
-3,18,14,12,31,-5,5,4,-5,6,-3,-3,5,-4,214,5398,-1178,-1609,712,-2733,163325
-2,17,15,9,33,-4,4,5,-4,6,-1,-2,7,-3,599,5961,-851,-1297,137,-1881,163325
-3,19,13,12,31,-6,5,4,-3,7,-3,-2,6,-2,618,5899,-1136,-560,-345,-1047,163325
-2,17,13,10,32,-6,4,6,-6,5,-3,-3,6,-4,1000,4672,-1174,-998,-22,-626,163326
-3,18,14,12,31,-6,6,5,-4,4,-1,-2,6,-3,1496,4407,-1890,-701,729,-583,163326
-3,19,15,11,32,-6,4,5,-5,8,-2,-3,5,-3,2301,4039,-1628,-36,705,-203,163326
-4,14,12,12,28,-5,6,3,-4,6,-3,-2,6,-3,-3586,4252,142,1229,1247,1490,163326
-3,17,17,7,35,-6,5,5,-4,7,-3,-1,7,-4,-694,3970,-867,780,-27,1679,163326
-3,21,23,6,32,-5,5,5,-4,6,-2,-2,7,-2,-605,4310,-414,104,290,176,163326
-5,20,25,8,31,-5,6,4,-4,7,-3,-2,4,-3,-787,3890,-399,-198,115,75,163326
-3,24,26,5,29,-4,3,4,-6,7,-3,-3,5,-4,-852,3982,-176,184,136,114,163326
-4,25,31,8,26,-7,5,5,-4,7,-3,-2,5,-4,-777,3861,-466,100,108,70,163326
-4,27,39,7,28,-3,6,6,-4,6,-4,-2,6,-3,-841,4088,-323,25,80,68,163326
-2,31,45,7,29,-4,5,6,-5,8,-3,-4,5,-4,-800,4100,-363,139,-7,110,163326
-3,29,45,8,30,-4,5,6,-3,8,-4,-3,5,-3,-837,4031,-407,133,46,164,163326
-4,22,41,13,29,-4,6,5,-4,6,-2,0,7,-5,-706,3905,-526,129,51,180,163326
-1,23,43,14,36,-5,5,4,-4,7,-3,-3,7,-3,-694,3969,-549,6,-11,55,163326
-2,24,40,12,32,-4,7,6,-3,8,-1,-2,5,-4,-643,3853,-590,85,46,108,163326
-4,22,45,16,32,-5,6,5,-3,6,-1,0,6,-3,-672,3967,-556,-21,8,47,163326
-3,23,41,12,34,-4,6,4,-6,6,-3,-1,6,-3,-616,3866,-624,-48,-39,23,163326
-3,23,41,17,37,-5,7,4,-5,7,-2,-2,5,-5,-675,3963,-544,-21,-1,68,163326
-4,22,41,19,38,-3,8,3,-4,7,-3,0,5,-3,-650,3988,-531,12,-16,82,163327
-3,21,41,19,39,-4,5,5,-5,6,-3,1,4,-3,-706,4038,-517,44,-25,202,163327
-3,19,36,19,39,-4,6,3,-5,6,-4,-2,6,-3,-685,4152,-492,54,-158,433,163327
-3,16,28,17,39,-4,7,6,-4,7,-2,-3,6,-3,-871,4693,-523,135,-319,798,163327
-2,15,21,8,37,-4,5,5,-5,5,-2,-3,7,-4,-1221,5488,-396,180,-317,1805,163327
-5,15,16,8,42,45,30,-1,-4,7,3,-4,4,3,-1607,6367,-222,888,-260,3498,163327
6,0,19,13,-1,5,6,1,1,3,3,-1,2,2,-1214,6289,-72,1622,367,4717,163327
6,4,20,10,27,-5,7,3,-5,6,-2,-1,5,-4,188,4036,471,1438,-282,3633,163327
-3,16,14,10,29,-6,5,5,-2,7,-2,0,7,-3,-1996,1298,1287,112,-2952,-1296,163327
-4,16,16,7,28,-7,6,4,-4,6,-3,-1,6,-3,-2627,691,483,-719,-636,-2098,163327
-3,17,15,11,27,-5,5,4,-4,7,-4,-2,6,-3,-1091,3202,-205,-1589,-189,-3739,163327
-1,16,17,10,27,-7,5,3,-5,7,-4,-1,7,-3,220,4513,-1370,-1423,-1008,-3261,163327
-1,16,18,11,27,-4,6,5,-4,8,-2,-2,6,-3,-531,4783,-1373,-1703,234,-2676,163327
-3,18,15,12,29,-4,6,3,-3,9,-3,-1,6,-4,166,5780,-713,-1856,33,-1975,163327
-4,16,15,11,30,-5,7,5,-3,8,-3,-1,8,-4,651,5963,-1123,-1451,42,-1126,163327
-2,17,13,14,28,-6,6,4,-5,6,-4,-1,7,-3,1167,5191,-1220,-1716,837,-830,163327
-3,16,14,13,30,-5,6,4,-4,7,-1,0,5,-4,2187,4738,-2709,-907,1106,-1078,163327
-4,18,16,12,30,-6,5,3,-4,8,-3,-3,7,-2,3637,4336,-2959,514,-51,-63,163327
-5,15,17,11,30,-4,6,4,-4,8,-3,1,8,-3,-2077,2839,-636,642,-232,2574,163327
-2,19,22,6,30,-4,5,3,-4,7,-4,-1,7,-3,-260,5628,605,1258,838,829,163327
-2,23,26,5,31,14,15,-3,2,6,-5,6,0,-1,-590,3699,-950,-171,208,128,163327
6,20,27,3,30,-4,5,5,-2,7,-3,-3,4,-5,-707,3820,-486,-388,-30,13,163328
-3,23,32,3,31,-4,4,6,-3,8,-3,-3,6,-2,-879,4085,-136,107,2,61,163328
-1,29,37,2,30,-5,5,5,-5,8,-4,-1,4,-3,-839,3927,-392,-29,31,17,163328
-2,28,40,7,30,-3,4,6,-2,7,-3,1,7,-3,-884,4108,-232,101,47,16,163328
-2,30,43,6,31,-5,2,5,-5,7,-1,-1,6,-2,-846,4011,-397,119,9,19,163328
-2,32,45,5,30,-5,5,6,-4,7,-3,-3,6,-3,-844,3942,-424,71,-2,23,163328
-5,32,47,6,31,-4,4,4,-5,6,-2,-1,6,-2,-832,3890,-460,102,3,29,163328
-3,31,47,5,30,-4,5,6,-4,8,-4,-1,6,-2,-809,3866,-516,59,-22,7,163328
-3,33,48,3,30,-4,5,5,-5,6,-3,-1,6,-4,-875,3939,-485,9,7,13,163328
-3,34,51,5,30,-3,6,6,-4,7,-4,-1,7,-4,-838,3908,-525,-52,4,32,163328
-4,33,51,5,30,-4,6,4,-4,6,-3,-1,6,-2,-833,3939,-485,-28,-10,37,163328
-3,36,52,6,32,-3,5,6,-3,6,-3,-1,7,-4,-837,3925,-497,-18,3,65,163328
-3,34,53,5,32,-3,5,5,-5,6,-2,0,7,-3,-809,3945,-480,-10,-29,58,163328
-3,31,50,6,32,-4,3,6,-4,6,-4,-2,7,-4,-823,3928,-498,-7,-26,85,163328
-4,28,51,7,34,-3,5,5,-5,6,-4,0,8,-4,-814,3974,-461,19,-42,128,163328
-3,27,48,10,33,-5,4,6,-4,7,-3,-2,6,-2,-810,3950,-507,29,-57,217,163328
-4,23,41,12,35,-4,4,5,-5,6,-3,-1,5,-3,-831,4099,-415,71,15,360,163328
-2,17,32,10,33,-6,6,6,-4,8,-2,-1,5,-2,-772,4335,-314,161,-85,508,163328
-3,14,21,9,32,-5,5,5,-5,5,-2,-4,4,-4,-1217,4959,-576,437,-252,1230,163328
-3,14,20,5,36,-7,5,6,-3,6,0,-2,6,-2,-1145,5342,-735,389,-253,2305,163328
-5,14,19,6,-1,6,-2,-1,6,-3,0,6,-2,-1,-951,5726,-71,851,-88,3456,163328
2,10,21,8,36,-5,5,6,-4,7,-2,-3,7,-3,261,5441,294,1153,-107,3647,163329
-4,16,18,7,27,-5,4,4,-3,8,-4,-1,6,-2,-33,2343,1280,1069,-1899,1299,163329
-3,15,18,6,28,-5,6,5,-3,6,-3,0,7,-2,-3202,1973,456,395,-1414,-1289,163329
-3,17,18,7,29,-3,7,5,-4,8,-3,-3,6,-3,-2006,1690,88,-1250,523,-2326,163329
-2,15,16,9,30,-7,4,4,-3,6,-3,-2,5,-3,-493,3427,-401,-1219,333,-3048,163329
-2,18,17,8,30,-5,4,4,-5,8,-4,-2,6,-3,-70,4484,-1113,-1156,213,-2817,163329
-3,16,18,8,32,-5,4,2,-5,7,-2,0,5,-5,115,5069,-775,-1339,520,-2289,163329
-3,16,16,10,32,-4,5,6,-6,7,-3,-3,6,-3,180,5612,-662,-1097,262,-1601,163329
-2,17,15,8,30,-5,6,5,-4,5,-4,-1,7,-3,75,5425,-1170,-1045,514,-774,163329
-3,17,17,10,31,-6,6,4,-5,6,-4,-1,7,-3,889,4913,-1389,-1161,1143,-505,163329
-3,17,14,12,33,4,20,-7,0,7,-4,7,0,-2,1877,4279,-1774,-677,1278,-833,163329
2,12,20,11,33,21,15,-4,3,6,-4,8,-3,-2,2683,3896,-1930,-348,671,-514,163329
4,11,17,11,32,22,18,-5,4,4,-4,8,-3,-1,-989,4023,-492,663,-378,2048,163329
3,13,19,9,32,-6,3,4,-5,8,-4,-2,7,-4,-518,5770,-794,1733,780,1175,163329
-4,21,22,3,29,-4,5,4,-5,5,-3,-3,6,-5,-479,4249,-247,101,171,-65,163329
-2,23,27,5,31,-4,5,4,-3,7,-4,-3,7,-3,-680,3911,-323,-96,85,103,163330
-4,26,40,8,32,-4,6,5,-4,7,-3,-2,6,-5,-706,4025,-330,112,24,78,163330
-4,22,28,4,30,17,19,1,-1,8,-3,7,3,-4,-715,3920,-248,69,49,42,163330
-3,27,43,7,33,-6,5,6,-5,7,-3,-2,7,-4,-713,3997,-382,78,-24,15,163330
4,22,33,6,32,-4,6,5,-4,6,-1,-2,7,-4,-799,4014,-245,186,115,60,163330
-3,28,47,7,33,-4,7,4,-3,8,-1,-1,7,-3,-720,3947,-440,-100,-5,-12,163330
-3,29,48,9,35,-5,5,4,-5,8,-4,-1,6,-4,-804,4013,-311,-11,7,15,163330
-3,31,49,10,34,-5,7,5,-4,8,-4,-1,6,-4,-726,3960,-362,42,37,36,163330
-4,30,50,9,35,-3,6,6,-4,6,-3,0,6,-2,-768,4020,-329,158,27,43,163330
-3,28,51,8,37,-2,6,4,-5,8,-2,-2,7,-4,-722,3983,-432,226,45,104,163330
-3,30,53,12,37,-5,6,5,-5,8,-4,-1,6,-3,-673,3915,-561,57,25,62,163330
-4,25,49,12,39,-4,6,5,-4,6,-1,-2,6,-5,-740,4041,-481,-34,58,99,163330
-4,22,40,13,40,-5,6,6,-4,7,-4,-2,7,-4,-672,4007,-517,-111,-3,139,163330
-3,21,35,9,39,-4,5,4,-5,6,-2,-3,5,-2,-649,3928,-553,-148,-73,83,163330
-3,20,33,8,39,-4,5,5,-5,7,-3,-2,7,-4,-673,3955,-386,31,-47,149,163330
-2,20,29,7,38,-6,6,4,-4,7,-3,0,6,-4,-594,3914,-525,-71,-67,104,163330
-3,18,30,7,39,-4,4,6,-4,7,-4,-1,6,-4,-570,3940,-471,-115,-33,68,163330
-4,19,29,8,38,-4,6,5,-4,6,-4,0,7,-3,-534,3959,-447,-71,-33,-12,163330
-4,21,30,7,38,-5,5,3,-2,5,-5,1,7,-3,-626,3954,-434,-81,-9,0,163330
-4,22,27,6,39,-4,7,5,-5,8,-4,-1,5,-3,-599,3968,-424,-104,2,15,163330
-3,20,29,7,37,-4,5,4,-6,8,-3,1,6,-4,-608,4002,-368,-53,-13,37,163330
-3,20,30,7,37,-5,5,5,-5,8,-3,-1,5,-4,-597,3982,-388,-45,3,38,163330
-3,21,30,7,37,-4,5,5,-4,7,-3,0,8,-3,-605,3986,-374,-45,29,37,163330
-2,21,29,7,36,-5,6,4,-4,7,-3,-1,6,-4,-574,3965,-392,-24,6,38,163330
-4,20,28,8,37,-5,7,5,-4,7,-3,1,6,-2,-560,3947,-411,-49,-9,28,163331
-3,22,29,7,38,-4,6,5,-5,7,-4,-2,6,-2,-562,3959,-400,-83,-10,15,163331
-3,22,28,7,36,-3,6,5,-4,8,-2,0,6,-4,-580,3997,-354,-71,-9,17,163331
-2,22,30,8,37,-3,5,5,-4,8,-4,-1,7,-3,-589,3989,-347,-45,-8,28,163331
-4,22,30,8,38,-4,6,5,-4,7,-3,-2,4,-3,-576,3978,-361,-60,7,15,163331
-2,24,30,6,37,-3,7,4,-3,8,-3,-2,6,-3,-569,3989,-344,-63,14,9,163331
-3,21,31,9,39,-4,5,4,-3,6,-3,0,6,-4,-572,3983,-338,-48,7,14,163331
-2,23,30,6,37,-4,6,4,-4,6,-5,-1,7,-3,-572,3993,-329,-51,7,12,163331
-3,21,32,9,39,-4,5,4,-5,7,-5,0,7,-4,-580,3986,-327,-45,6,18,163331
-4,21,30,8,37,-3,6,4,-5,7,-4,-1,7,-3,-562,3967,-336,-63,14,-6,163331
-5,20,30,9,39,-5,6,5,-4,7,-3,-2,6,-4,-595,4003,-300,-52,26,6,163331
-3,23,32,9,37,-3,6,4,-4,5,-2,-1,6,-3,-579,3990,-311,-44,26,14,163331
-1,20,32,8,36,-4,6,3,-2,8,-3,1,6,-2,-574,3986,-308,-44,25,5,163331
-2,21,32,10,40,-5,7,4,-4,6,-3,1,7,-2,-575,3981,-309,-46,31,-5,163331
-1,23,32,8,37,-2,8,5,-3,7,-3,1,6,-4,-590,3991,-300,-31,35,6,163331
-5,22,34,8,40,-4,6,5,-6,7,-4,-1,5,-4,-585,3990,-301,-36,28,7,163331
-2,22,32,10,40,-3,5,4,-3,9,-4,0,6,-3,-585,3988,-299,-38,29,12,163331
-3,21,34,7,38,-3,7,5,-3,8,-4,0,6,-4,-583,3986,-302,-36,28,15,163331
-1,23,34,8,39,-2,6,6,-4,8,-3,1,6,-3,-581,3989,-297,-30,18,17,163332
-3,23,33,9,37,-3,7,5,-5,6,-4,-2,5,-3,-586,3986,-297,-24,18,17,163332
-5,22,34,9,39,-2,6,5,-3,7,-3,-1,6,-5,-583,3984,-298,-29,17,15,163332
-3,22,35,10,39,-4,5,5,-4,6,-5,1,5,-2,-580,3986,-301,-29,14,19,163332
-1,22,35,7,38,-3,6,4,-6,6,-4,-1,7,-6,-577,3981,-299,-31,13,18,163332
-4,24,36,9,39,-4,6,5,-4,7,-4,-2,8,-5,-582,3989,-297,-23,17,18,163332
-3,23,35,8,38,-2,7,5,-4,8,-3,0,6,-4,-581,3986,-303,-29,26,22,163332
-2,22,36,10,39,-4,7,3,-3,6,-4,1,6,-5,-571,3983,-306,-36,32,23,163332
-2,22,35,10,40,-3,6,2,-5,6,-2,-2,6,-5,-567,3984,-299,-19,22,18,163332
-3,23,36,11,39,-4,7,4,-5,7,-2,-1,7,-3,-574,3988,-301,-26,17,19,163332
-2,22,36,12,40,-3,6,5,-3,8,-3,2,5,-2,-571,3990,-301,-30,20,22,163332
-2,25,37,8,39,-5,6,6,-4,8,-2,0,6,-1,-566,3990,-301,-22,19,25,163332
-1,26,37,11,41,-2,5,5,-1,7,-2,-1,7,-2,-571,3992,-299,-12,23,29,163332
-3,24,37,8,39,-3,7,5,-5,7,-2,-1,6,-3,-565,3992,-306,-17,18,38,163332
-3,22,37,10,41,-5,6,4,-5,7,-2,0,6,-3,-556,3983,-314,-18,22,40,163332
-6,26,36,9,39,-4,6,4,-5,6,-5,-2,5,-4,-550,3993,-312,-13,20,42,163332
-4,23,38,9,39,-4,6,5,-5,7,-3,-2,6,-3,-543,3995,-312,-15,21,37,163332
-4,23,36,9,41,-5,5,3,-3,7,-4,-2,6,-4,-532,3983,-323,-28,22,25,163332
-4,22,36,12,41,-3,5,4,-3,8,-3,0,6,-3,-539,3993,-319,-25,19,29,163332
-2,23,35,12,41,-4,5,5,-3,8,-3,1,7,-3,-526,3993,-321,-27,22,26,163332
-3,23,35,11,40,-5,7,5,-5,8,-4,0,7,-3,-530,3989,-324,-30,15,20,163332
-3,23,37,11,41,-5,8,4,-4,7,-2,1,7,-4,-533,3993,-323,-25,16,29,163333
-1,20,34,13,41,-4,7,4,-4,7,-2,0,6,-3,-520,3996,-327,-7,13,54,163333
-2,22,37,11,40,-3,6,4,-5,8,-4,0,7,-2,-529,3995,-318,-22,11,30,163333
-2,22,36,12,41,-5,7,4,-4,8,-2,1,7,-2,-505,3989,-332,-16,17,54,163333
-2,23,35,10,39,-4,6,6,-4,7,-5,0,6,-4,-532,4005,-313,-10,6,46,163333
-2,21,36,12,41,-4,6,5,-4,8,-5,0,5,-3,-485,3985,-337,-18,15,35,163333
-3,23,36,10,40,-4,6,4,-5,7,-2,0,4,-3,-485,3982,-345,-25,19,21,163333
-4,21,35,11,41,-5,7,5,-4,7,-4,-1,5,-3,-494,3990,-343,-28,21,15,163333
-3,24,36,12,41,-4,6,5,-5,6,-3,0,6,-3,-487,3998,-330,-28,21,12,163333
-3,21,34,11,41,-2,6,4,-4,7,-4,-1,6,-3,-493,3988,-338,-29,22,8,163333
-4,22,36,14,42,-4,5,5,-5,7,-4,-1,7,-3,-488,3988,-341,-34,27,0,163333
-2,21,36,14,42,-3,7,6,-3,7,-3,0,6,-3,-498,3996,-342,-31,22,2,163333
-3,22,37,11,41,-4,7,4,-5,7,-6,-2,4,-3,-502,4001,-333,-31,24,5,163333
-3,21,35,15,42,-5,6,5,-5,6,-3,-1,5,-6,-502,3995,-332,-29,25,4,163333
-3,22,35,14,42,-3,7,6,-3,7,-4,0,7,-4,-502,3991,-343,-33,22,4,163333
-4,24,36,14,40,-3,7,4,-4,7,-3,0,5,-2,-505,3995,-335,-33,28,6,163333
-1,22,37,14,42,-4,6,5,-6,7,-3,2,6,-5,-504,3996,-331,-32,27,5,163333
-4,23,37,13,42,-4,6,4,-5,6,-3,0,6,-3,-505,3994,-334,-29,28,5,163333
-4,23,36,12,41,-3,8,4,-3,7,-3,-1,6,-4,-511,3998,-331,-28,25,6,163333
-2,23,37,13,43,-3,6,5,-5,7,-2,0,6,-4,-510,3993,-330,-28,22,7,163333
-3,23,37,13,43,-3,6,5,-4,6,-3,0,6,-3,-511,3995,-333,-31,23,7,163333
-3,24,38,12,41,-2,6,4,-4,6,-3,0,7,-3,-514,3994,-333,-28,20,6,163334
-2,22,37,14,43,-4,5,5,-4,7,-3,1,8,-3,-511,3986,-336,-28,20,6,163334
-3,23,37,12,43,-4,6,3,-4,8,-3,0,6,-4,-512,3990,-335,-30,26,-1,163334
-3,23,35,13,44,-4,5,5,-5,7,-5,0,6,-4,-523,3996,-332,-29,25,4,163334
-2,25,37,14,43,-3,7,5,-4,7,-2,0,5,-3,-524,3993,-336,-31,25,13,163334
-3,22,36,14,42,-3,5,5,-3,7,-3,-1,6,-2,-520,3995,-328,-23,24,14,163334
-3,24,36,12,41,-5,6,4,-3,6,-3,0,6,-2,-520,3988,-338,-27,22,11,163334
-2,23,37,12,43,-4,7,5,-3,8,-3,0,8,-4,-517,3989,-336,-30,25,7,163334
-3,24,38,15,44,-5,7,4,-4,7,-4,0,6,-5,-521,3988,-338,-31,27,3,163334
-2,23,38,14,43,-3,6,4,-5,8,-3,0,6,-2,-521,3984,-338,-35,24,-2,163334
-1,24,37,13,44,-3,8,3,-4,7,-3,1,6,-4,-520,3982,-338,-38,30,-12,163334
-1,24,38,14,45,-2,7,4,-4,7,-4,1,7,-3,-539,3995,-329,-37,27,-15,163334
