3,17,8,28,7,-2,1,9,16,4,14,20,10,15,-115,4061,-134,-24,12,-4,163243
3,17,9,28,5,-2,3,8,14,3,15,17,10,15,-111,4059,-130,-24,9,-3,163243
5,13,11,28,4,-3,0,11,18,5,16,22,8,13,-114,4063,-129,-20,8,-4,163243
4,15,9,28,5,-2,-1,9,16,3,16,19,8,15,-107,4061,-130,-18,12,-5,163243
3,18,8,28,6,-3,-2,9,15,4,16,19,9,14,-110,4059,-136,-20,4,-3,163243
5,17,10,27,6,-5,4,9,16,3,15,18,9,16,-114,4063,-125,-20,10,-4,163243
3,17,10,28,7,-2,-2,9,18,5,17,20,9,14,-113,4056,-133,-22,10,0,163243
5,17,7,28,6,-1,-1,9,17,5,16,19,8,14,-115,4061,-128,-22,12,-3,163243
5,16,10,27,6,0,3,10,16,5,18,18,12,17,-112,4065,-122,-22,12,-5,163243
4,16,10,27,3,-2,-2,11,17,4,16,21,10,14,-110,4059,-131,-23,10,-2,163243
4,18,10,27,5,-2,1,9,15,3,15,19,9,15,-115,4059,-127,-21,11,-5,163243
3,18,8,29,6,-3,-1,11,16,5,16,22,8,15,-110,4059,-124,-21,7,-3,163243
4,17,8,28,5,-1,-1,12,16,5,14,19,10,14,-109,4056,-131,-20,5,-3,163243
4,17,8,28,3,-2,1,11,17,5,14,20,10,14,-111,4062,-126,-21,10,-6,163243
5,18,10,28,5,-1,1,11,16,4,19,18,10,15,-115,4060,-129,-23,12,-10,163243
4,16,9,28,4,0,0,11,16,4,17,20,10,15,-110,4062,-124,-22,10,-6,163244
5,17,7,28,6,-2,1,10,16,4,16,20,10,14,-113,4057,-127,-25,8,-10,163244
5,12,13,26,4,-1,-1,11,19,6,16,21,10,13,-119,4054,-129,-25,7,-8,163244
2,18,7,28,6,0,-2,11,16,4,17,22,9,14,-122,4053,-126,-25,15,-8,163244
2,18,8,30,6,-2,3,10,16,5,17,19,8,15,-120,4059,-128,-27,7,-5,163244
3,18,8,29,5,-4,-2,11,16,4,16,19,10,14,-120,4059,-122,-24,7,-5,163244
3,19,8,27,4,-1,0,10,17,5,15,18,9,14,-121,4061,-126,-23,11,-9,163244
3,18,8,28,4,-3,-2,10,16,5,16,20,10,14,-126,4060,-126,-20,10,-9,163244
3,17,7,28,5,-2,-2,10,17,4,17,19,10,14,-122,4060,-135,-18,4,-8,163244
2,14,10,28,3,0,1,12,18,5,16,22,8,13,-125,4061,-130,-13,9,-8,163244
4,18,6,28,4,-3,1,11,17,3,16,19,10,16,-128,4055,-135,-20,8,-2,163244
3,15,9,28,3,-1,1,11,19,5,17,22,9,13,-125,4056,-133,-27,6,3,163244
1,18,6,28,5,-5,1,10,16,5,16,19,10,14,-119,4058,-133,-24,7,2,163244
3,19,7,28,4,-2,-2,10,15,4,17,22,8,14,-122,4055,-133,-22,13,-1,163244
3,15,11,29,4,0,-1,10,16,7,17,23,8,13,-119,4065,-131,-22,17,-2,163244
4,15,13,28,3,-1,1,12,20,7,16,23,9,13,-119,4065,-135,-21,12,-3,163244
2,18,8,28,7,-3,2,10,15,4,15,20,10,15,-120,4059,-134,-21,9,-6,163244
5,17,11,29,5,-2,-2,13,18,6,15,22,7,14,-120,4058,-137,-23,6,-8,163244
2,19,8,28,7,-3,5,8,15,5,17,19,9,14,-126,4060,-134,-20,7,-10,163244
3,12,13,29,2,-2,1,12,18,6,16,22,8,13,-126,4060,-135,-24,10,-9,163244
3,20,6,29,3,-3,0,10,17,4,17,18,8,15,-127,4056,-136,-21,10,-6,163244
4,14,12,28,3,1,1,12,19,6,16,23,10,15,-125,4053,-142,-19,8,-4,163244
2,20,7,28,4,-1,-1,11,18,5,15,20,11,14,-124,4060,-137,-21,5,-3,163244
3,20,7,28,5,0,0,9,16,4,15,21,10,15,-127,4059,-136,-24,9,-2,163244
3,20,8,28,5,-4,1,10,17,5,15,20,10,16,-125,4054,-138,-26,12,-1,163245
3,17,11,27,4,-2,0,11,19,5,17,24,8,13,-127,4061,-132,-25,10,-2,163245
2,18,9,29,4,0,0,11,18,4,17,23,10,13,-124,4059,-138,-26,8,0,163245
2,17,13,28,3,0,2,13,18,7,14,22,9,12,-124,4067,-127,-22,11,-1,163245
2,17,10,28,5,-1,0,11,19,5,16,21,9,14,-125,4055,-139,-22,8,-2,163245
1,21,9,27,5,-3,0,11,16,6,16,22,10,15,-125,4061,-133,-21,9,-2,163245
3,15,14,28,3,0,0,11,17,6,16,24,10,14,-126,4057,-138,-25,8,-3,163245
3,21,7,30,5,-1,-2,11,18,3,16,21,9,15,-122,4059,-132,-24,7,-6,163245
2,18,8,28,6,-3,4,8,15,5,14,19,11,16,-129,4059,-137,-23,11,-5,163245
2,16,14,27,2,-2,0,12,19,7,16,22,9,14,-123,4061,-136,-23,6,-2,163245
3,19,10,30,4,1,0,12,18,7,16,23,8,15,-123,4058,-142,-21,5,-3,163245
1,20,9,30,6,-4,1,11,18,4,16,20,10,15,-124,4062,-135,-21,5,-7,163245
3,20,8,30,5,-2,-1,10,18,6,17,22,11,14,-126,4060,-139,-24,11,-2,163245
3,16,14,29,3,0,0,13,17,6,17,22,8,13,-124,4059,-137,-27,13,-2,163245
3,19,7,28,5,-2,1,11,16,5,15,20,10,15,-125,4058,-139,-30,18,1,163245
3,16,10,28,5,0,-1,11,19,6,16,21,8,13,-108,4068,-132,-13,24,1,163245
2,18,8,27,3,1,-2,13,19,5,17,21,9,15,-123,4065,-131,-12,36,-2,163245
5,17,12,28,2,-1,1,12,19,7,17,23,10,14,-113,4068,-136,-15,46,-2,163245
3,19,8,29,5,-1,1,10,18,6,16,20,10,13,-110,4060,-144,-21,0,-3,163245
3,16,12,27,2,-2,0,12,18,5,16,23,9,14,-122,4065,-136,-18,0,-6,163245
3,21,6,28,5,-2,2,10,17,6,17,18,10,15,-117,4056,-152,-18,-11,-5,163245
3,19,7,29,5,0,-1,10,16,4,16,21,10,14,-118,4063,-129,-39,-35,4,163246
3,16,12,27,3,1,0,11,18,6,16,23,10,13,-133,4058,-136,-15,-21,-4,163246
4,18,10,30,5,0,0,10,17,6,16,22,8,15,-128,4053,-139,-25,-12,-4,163246
2,20,6,28,6,-4,-3,10,16,4,16,20,10,15,-121,4075,-118,-13,-1,-11,163246
2,20,8,28,6,-3,4,10,15,3,15,18,11,15,-128,4063,-143,-11,-8,-16,163246
2,20,8,27,5,-4,2,9,16,2,15,19,9,15,-138,4054,-148,-17,2,-12,163246
2,21,6,27,7,-3,2,9,17,4,14,21,10,15,-125,4058,-153,-21,-2,-10,163246
3,22,5,28,6,-2,-1,10,17,3,14,21,9,14,-137,4052,-135,-25,8,-10,163246
3,20,8,28,5,0,0,11,18,4,15,21,10,15,-133,4047,-151,-21,18,-8,163246
1,22,6,28,6,-2,-1,12,15,6,16,21,10,12,-138,4053,-151,-32,17,-1,163246
2,16,10,28,2,0,2,10,19,7,15,21,9,14,-130,4058,-140,-26,18,3,163246
1,19,7,28,5,-1,1,12,16,4,16,21,9,14,-128,4068,-132,-25,18,5,163246
3,21,6,28,6,-2,-1,10,18,5,16,21,9,15,-128,4058,-153,-19,8,11,163246
2,20,7,28,5,-3,1,10,16,5,16,19,13,16,-128,4068,-129,-22,19,5,163246
2,19,6,28,6,-2,0,9,16,4,16,21,10,14,-132,4050,-143,-33,30,14,163246
2,17,7,27,5,-2,1,10,14,3,16,19,9,16,-116,4053,-150,-45,4,17,163246
1,17,7,29,7,-3,1,9,15,5,15,22,9,15,-108,4070,-119,-40,18,7,163246
3,16,8,28,6,-2,1,9,15,5,15,20,11,16,-106,4069,-129,-37,14,4,163246
3,15,11,26,5,-2,4,8,15,5,16,18,10,13,-103,4063,-133,-31,25,11,163247
5,14,10,28,5,-2,3,8,15,4,15,17,11,14,-97,4063,-130,-37,25,3,163247
5,11,13,26,4,-3,5,10,14,5,13,18,10,13,-105,4065,-131,-33,20,-1,163247
5,13,11,27,5,-2,2,8,13,4,16,18,10,14,-93,4055,-131,-32,12,2,163247
4,14,10,26,4,-3,2,8,14,2,15,18,10,14,-86,4062,-126,-32,9,1,163247
4,13,12,28,5,-2,3,8,12,4,14,18,10,16,-94,4064,-124,-27,16,-3,163247
7,11,13,27,5,0,5,8,12,5,15,19,11,15,-103,4062,-124,-24,17,-3,163247
5,9,11,26,5,-3,5,8,13,4,15,17,8,14,-92,4059,-124,-34,12,1,163247
6,8,14,27,3,-2,6,8,14,4,14,18,10,15,-89,4059,-122,-29,5,0,163247
8,12,9,27,4,-4,1,9,14,3,15,19,10,15,-91,4062,-119,-24,11,-4,163247
6,12,11,28,5,-3,3,8,13,3,15,18,8,14,-95,4064,-120,-19,12,-3,163247
8,12,11,29,4,-4,4,8,14,4,15,18,9,13,-95,4059,-123,-22,7,-3,163247
7,13,10,29,4,0,2,9,14,4,16,19,10,15,-94,4057,-117,-27,11,-4,163247
6,13,11,28,4,-2,0,9,15,4,14,21,10,14,-91,4063,-117,-26,9,-3,163247
7,11,11,29,5,-3,3,8,16,5,15,18,10,16,-91,4059,-122,-24,8,-6,163247
9,12,10,27,5,-4,4,8,14,5,15,19,9,15,-92,4059,-123,-20,2,-6,163247
7,10,12,27,5,-3,6,9,13,5,14,18,10,14,-91,4059,-124,-25,4,-5,163247
7,12,12,28,5,-2,4,9,14,5,15,19,10,15,-93,4064,-119,-18,5,-5,163247
10,8,13,26,4,-1,4,10,14,5,15,20,8,14,-92,4056,-129,-20,3,-3,163247
8,12,8,26,6,-1,3,9,15,5,15,20,10,14,-95,4060,-124,-20,8,-4,163247
7,12,10,28,6,-2,2,11,15,4,16,21,10,15,-88,4062,-127,-21,7,-2,163247
6,13,11,29,7,-1,2,10,14,4,16,22,10,14,-94,4058,-129,-22,14,-1,163248
8,12,11,29,5,-4,4,10,14,5,16,20,10,15,-86,4061,-128,-25,7,-2,163248
9,10,12,27,5,-2,5,9,14,3,14,17,10,13,-89,4064,-124,-22,11,-5,163248
9,11,13,28,4,-2,5,7,14,6,16,19,10,15,-88,4061,-125,-23,10,-2,163248
9,9,12,28,6,-2,4,8,14,4,16,19,9,15,-93,4056,-130,-24,26,-12,163248
9,10,14,27,6,0,5,9,15,6,15,17,10,15,-86,4063,-121,-25,16,-4,163248
9,12,11,30,4,-1,3,9,16,4,16,19,9,14,-95,4053,-134,-18,15,-13,163248
8,11,14,29,4,-4,5,9,15,5,15,18,10,14,-92,4055,-130,-25,20,-9,163248
6,12,11,30,4,-2,5,9,16,3,14,18,10,16,-101,4055,-134,-26,11,-15,163248
6,13,11,28,6,-2,5,9,13,5,15,19,9,14,-100,4053,-127,-29,0,-6,163248
7,15,9,30,6,0,0,10,18,6,16,21,10,15,-95,4062,-123,-23,1,-3,163248
5,16,10,29,4,-2,1,10,15,5,16,20,10,14,-102,4062,-124,-14,10,-5,163248
4,15,9,27,5,-4,2,10,16,4,17,20,7,15,-110,4061,-121,-21,11,-3,163248
6,15,10,28,6,-1,3,10,16,5,16,20,10,15,-99,4060,-124,-23,4,0,163248
6,15,7,27,6,-2,-2,9,18,5,16,21,10,13,-102,4058,-115,-29,6,-3,163248
7,15,9,28,6,-3,2,9,14,5,16,19,12,16,-103,4061,-118,-26,11,-7,163248
5,15,10,27,6,-3,4,8,15,4,15,19,10,15,-101,4062,-126,-19,1,-9,163248
7,12,11,27,6,-4,7,10,14,5,15,18,11,15,-102,4060,-124,-21,3,-8,163248
6,15,9,28,6,-1,3,10,14,5,16,19,9,16,-114,4058,-121,-22,12,-6,163249
6,15,10,28,7,-4,4,10,15,4,15,19,11,15,-104,4062,-126,-22,2,-6,163249
6,14,10,27,6,-4,4,8,15,4,14,18,9,15,-107,4057,-123,-21,7,-3,163249
3,16,9,28,6,-2,4,8,15,3,16,18,11,14,-103,4055,-125,-22,6,-6,163249
3,16,8,28,6,-3,4,9,15,4,16,19,10,14,-108,4058,-120,-19,11,-6,163249
7,12,13,28,2,0,0,10,18,7,16,23,9,13,-103,4059,-127,-19,7,-2,163249
6,11,13,27,2,-1,-1,10,19,6,15,22,9,14,-107,4060,-120,-20,7,-3,163249
4,16,9,28,5,-4,4,10,15,4,14,19,10,14,-109,4052,-124,-25,11,-3,163249
4,17,8,30,5,-1,-2,11,16,5,17,22,10,15,-108,4063,-116,-23,10,-2,163249
3,16,8,30,7,-1,0,11,17,4,18,23,10,15,-99,4067,-118,-17,4,-1,163249
6,16,9,28,6,-3,4,10,17,5,15,21,9,15,-108,4069,-122,-14,9,-8,163249
5,18,6,28,6,-1,1,10,16,4,17,22,10,15,-108,4061,-125,-15,8,-9,163249
3,17,8,28,5,-3,1,8,16,4,16,22,9,15,-108,4062,-130,-17,14,-7,163249
3,19,8,29,5,-2,-1,9,16,4,15,21,8,15,-109,4053,-130,-17,9,-5,163249
3,15,8,28,5,-3,-1,11,17,6,15,24,9,16,-106,4054,-129,-25,16,-10,163249
5,16,9,29,6,-3,1,9,16,4,16,21,9,14,-110,4064,-131,-21,15,-12,163249
6,13,9,29,7,-1,5,8,15,5,14,19,10,15,-108,4063,-133,-16,5,-9,163249
6,15,7,28,5,-5,4,10,14,4,14,21,9,13,-109,4059,-138,-21,11,-8,163249
5,16,9,29,5,-3,0,10,15,5,16,22,8,15,-117,4056,-136,-17,7,-7,163249
5,16,9,27,5,-2,4,10,13,4,16,21,11,14,-117,4056,-130,-22,9,-8,163249
6,15,8,29,6,-5,3,9,15,5,16,22,10,15,-112,4062,-136,-16,11,-7,163249
4,15,8,28,4,-3,0,9,16,5,16,23,9,13,-117,4061,-136,-19,12,-7,163250
8,11,13,29,3,0,-1,11,17,5,16,23,9,13,-117,4058,-147,-22,5,-4,163250
4,16,9,30,7,-4,4,9,16,5,15,22,10,15,-116,4058,-135,-21,11,-7,163250
5,16,9,28,6,-3,3,9,16,6,16,22,11,15,-109,4060,-142,-23,-2,-1,163250
3,16,9,29,6,-4,3,10,16,5,16,22,8,14,-118,4058,-138,-22,11,-7,163250
5,15,8,28,5,-2,0,10,17,4,16,20,10,15,-115,4060,-142,-24,0,-3,163250
5,16,10,28,6,-2,3,9,15,4,16,20,11,13,-119,4057,-139,-25,4,-3,163250
6,16,9,27,5,-3,3,11,15,3,15,20,10,14,-122,4056,-140,-26,10,-1,163250
7,9,13,28,3,-1,0,12,18,6,16,23,9,13,-109,4061,-140,-27,7,-2,163250
5,17,8,28,5,-2,0,10,16,4,15,23,9,14,-114,4064,-135,-23,14,-7,163250
5,16,9,29,6,-3,5,8,16,5,15,20,10,15,-113,4058,-140,-23,10,-6,163250
4,17,7,29,7,-3,1,9,16,5,15,22,9,14,-120,4060,-135,-27,15,-7,163250
5,17,10,28,6,-3,2,10,16,3,16,20,10,16,-116,4056,-138,-27,12,-6,163250
4,15,11,29,4,-4,3,9,15,4,16,20,10,16,-120,4057,-138,-23,7,-5,163250
5,16,11,29,6,-2,5,11,17,4,17,21,10,14,-114,4065,-134,-26,12,-9,163250
3,16,8,28,6,-2,3,9,17,3,16,20,10,15,-115,4056,-140,-24,6,-5,163250
4,17,9,28,7,-2,4,8,15,4,16,20,8,14,-121,4060,-140,-23,5,-8,163250
5,16,9,27,7,-3,0,8,16,4,17,22,11,15,-116,4062,-133,-19,8,-4,163250
3,18,8,29,6,-1,1,11,17,6,15,22,9,13,-118,4058,-138,-26,10,-7,163250
4,16,10,27,6,-4,6,10,15,5,17,19,11,15,-121,4060,-134,-26,8,-8,163250
5,14,11,28,5,-2,-2,11,16,5,16,24,9,14,-120,4058,-135,-27,12,-8,163250
4,17,9,28,5,-2,3,10,16,4,17,20,11,14,-121,4060,-136,-26,8,-7,163251
4,13,12,28,3,-2,0,10,18,4,17,24,7,13,-123,4057,-145,-26,9,-8,163251
4,17,8,29,5,-1,4,8,15,4,14,20,11,15,-125,4057,-134,-27,9,-5,163251
3,18,8,28,6,-4,3,10,16,4,16,20,10,14,-124,4051,-138,-31,7,-4,163251
4,19,8,29,6,-1,-2,10,17,5,15,21,9,14,-123,4063,-129,-29,7,-5,163251
2,18,8,29,5,-1,-2,11,18,4,16,21,8,15,-121,4062,-134,-24,9,-6,163251
2,18,9,28,5,-3,-2,12,19,4,16,22,10,15,-122,4059,-132,-21,8,-8,163251
5,19,7,29,6,-3,1,9,17,4,15,19,10,14,-118,4051,-147,-21,-1,11,163251
7,13,13,28,2,-1,0,11,17,6,16,22,9,14,-122,4066,-127,-21,1,-4,163251
2,17,7,28,5,-3,1,9,15,3,16,17,8,15,-126,4057,-129,-23,4,-4,163251
4,18,8,29,6,-2,0,10,18,5,17,20,9,15,-125,4059,-135,-20,5,-4,163251
5,19,7,28,5,-4,-2,11,17,4,17,20,10,15,-127,4059,-134,-23,9,-4,163251
5,14,14,28,3,0,-2,11,17,7,16,21,10,13,-125,4057,-133,-27,12,-4,163251
4,17,9,29,5,-1,-1,11,16,5,15,21,10,14,-126,4059,-132,-28,10,-3,163251
2,16,9,31,5,-1,-2,10,17,3,15,20,9,14,-129,4056,-131,-28,12,-1,163251
3,15,12,28,4,-2,-1,10,18,4,15,22,10,15,-124,4060,-128,-27,8,1,163251
3,16,11,27,5,0,-1,12,18,3,16,23,9,15,-123,4059,-131,-25,11,0,163251
4,17,6,29,7,-5,2,11,16,4,16,20,9,15,-121,4054,-131,-26,12,-1,163251
6,10,15,28,2,0,0,12,17,6,15,24,9,12,-124,4057,-129,-23,10,2,163251
7,8,15,27,1,1,2,13,18,7,15,24,9,12,-123,4057,-127,-24,9,5,163251
6,15,11,28,5,-2,1,11,17,5,15,21,8,14,-115,4061,-126,-28,7,3,163251
5,17,9,29,5,-3,2,10,15,4,15,20,10,16,-119,4063,-125,-24,15,-3,163252
9,11,13,27,4,-3,-1,11,19,5,16,23,9,15,-115,4061,-122,-23,15,-3,163252
5,16,10,28,7,-5,0,10,18,4,16,19,11,16,-119,4067,-125,-21,10,-10,163252
4,17,11,29,5,-2,0,12,17,5,15,22,10,15,-118,4061,-130,-20,3,-11,163252
4,16,9,29,7,-2,2,10,17,5,16,22,10,15,-126,4053,-125,-20,11,-7,163252
5,15,9,28,4,-1,0,12,18,4,17,21,8,14,-122,4059,-134,-20,10,-6,163252
8,9,14,28,3,-1,-2,11,16,6,16,23,9,13,-125,4060,-130,-21,4,-3,163252
4,15,11,28,5,0,-1,10,18,6,17,23,8,15,-121,4062,-127,-20,11,-9,163252
3,16,9,28,4,-1,0,10,17,5,16,21,11,14,-124,4057,-133,-19,5,-10,163252
4,19,7,28,6,-2,0,11,17,5,17,21,8,15,-129,4057,-128,-18,12,-10,163252
4,18,7,28,5,-1,0,10,16,4,16,22,8,14,-134,4057,-137,-24,8,-12,163252
3,17,8,30,4,-1,0,10,19,5,16,21,10,13,-132,4053,-130,-23,10,-5,163252
5,16,11,29,4,-3,-2,12,18,5,16,22,9,14,-129,4053,-134,-26,10,-3,163252
3,16,12,28,3,-2,-1,12,17,7,15,23,7,13,-130,4061,-132,-24,8,-4,163252
3,18,9,28,4,-1,-2,11,18,4,17,23,8,14,-124,4060,-133,-22,5,-4,163252
4,19,8,29,7,-1,3,10,15,4,15,21,10,15,-127,4061,-135,-20,5,-3,163252
3,19,5,27,7,-3,0,10,18,5,15,23,10,16,-129,4062,-136,-26,11,-4,163252
7,12,14,28,3,-2,0,12,17,8,15,23,7,13,-131,4057,-132,-24,10,-3,163252
3,19,7,29,6,-5,-1,11,17,4,17,21,9,14,-128,4058,-135,-25,12,-5,163253
2,17,8,28,6,-3,3,11,15,4,15,20,11,15,-129,4060,-133,-23,12,-6,163253
3,19,9,28,5,-5,4,10,17,6,16,21,9,15,-128,4066,-124,-24,16,-10,163253
4,17,8,29,5,-4,2,9,16,5,15,21,8,16,-127,4057,-132,-23,10,-8,163253
3,17,8,30,6,-4,2,9,16,5,16,20,11,16,-130,4053,-138,-23,10,-6,163253
4,18,9,28,6,-2,3,9,16,5,16,21,9,16,-127,4057,-137,-22,10,-5,163253
5,14,13,28,2,-1,1,11,20,6,16,23,9,16,-128,4059,-144,-21,8,-4,163253
5,17,13,29,4,-1,1,11,18,5,16,24,10,15,-129,4059,-141,-21,9,0,163253
2,18,8,29,4,-3,3,10,17,4,16,20,10,15,-122,4061,-141,-21,5,-1,163253
5,13,15,28,2,1,0,11,20,9,14,24,9,14,-133,4060,-138,-22,12,-6,163253
6,15,15,28,3,-1,1,10,19,7,17,24,9,13,-125,4062,-139,-22,6,-3,163253
4,17,12,28,5,-1,-2,12,18,4,17,23,9,14,-130,4057,-143,-22,6,-3,163253
3,20,7,29,6,-4,2,11,18,3,17,21,11,15,-130,4057,-141,-26,9,-3,163253
4,17,11,29,4,-1,0,11,18,6,16,24,9,14,-128,4058,-142,-26,7,-4,163253
3,19,10,29,6,0,0,11,17,7,16,23,9,14,-128,4063,-137,-24,13,-3,163253
4,16,12,31,6,0,-1,10,18,5,17,23,8,15,-128,4059,-141,-21,8,-5,163253
4,18,8,29,5,-1,1,12,18,5,16,23,11,15,-129,4058,-140,-24,8,-5,163253
3,20,8,29,7,0,0,11,17,4,18,20,10,15,-128,4057,-139,-24,13,-6,163253
3,19,8,28,6,-3,1,9,18,5,18,20,9,14,-131,4057,-144,-26,7,-3,163253
6,12,15,29,2,0,0,11,19,8,16,24,8,14,-130,4062,-139,-23,9,-2,163253
3,19,9,29,5,-1,-1,11,18,5,16,23,9,15,-127,4059,-138,-23,6,-2,163253
5,11,15,31,2,0,2,12,20,8,15,25,10,12,-128,4061,-140,-23,11,-3,163254
2,19,8,30,6,-3,-1,9,18,4,17,21,9,15,-126,4058,-140,-22,9,-2,163254
5,19,8,30,6,-1,1,12,18,6,16,23,8,14,-125,4058,-141,-23,2,2,163254
7,11,15,27,2,1,1,11,20,7,17,24,9,14,-126,4053,-138,-27,7,3,163254
4,14,14,29,3,-2,0,12,18,6,17,24,9,15,-126,4056,-135,-28,9,-2,163254
3,18,10,28,6,-2,1,11,18,5,16,23,11,14,-126,4061,-140,-25,14,0,163254
4,16,12,29,3,2,0,12,19,7,16,25,9,16,-127,4057,-142,-25,10,0,163254
3,20,9,30,6,-3,-1,10,17,6,16,23,9,15,-134,4061,-137,-29,7,3,163254
5,15,11,30,4,-1,-1,11,17,6,17,23,9,15,-127,4058,-134,-33,10,6,163254
1,18,9,29,5,-3,-1,11,18,5,16,24,9,15,-119,4057,-131,-29,14,3,163254
4,17,7,30,5,-1,0,10,17,6,16,23,10,15,-121,4057,-135,-27,9,6,163254
5,12,14,29,2,0,1,11,18,8,15,23,11,12,-113,4062,-131,-26,8,4,163254
5,16,8,30,6,-1,0,10,16,5,16,20,11,16,-115,4062,-135,-29,11,2,163254
6,13,11,30,6,-4,6,10,15,5,15,19,9,16,-115,4067,-129,-24,12,-1,163254
5,15,11,31,4,0,-1,11,18,6,16,22,8,14,-113,4059,-127,-23,8,0,163254
4,15,11,27,6,-6,2,10,15,3,15,21,10,14,-107,4056,-130,-20,5,-3,163254
5,17,9,29,5,-2,0,10,16,6,17,24,10,16,-110,4060,-127,-22,-2,-1,163254
5,17,9,29,6,-4,2,9,17,3,16,21,9,16,-118,4053,-130,-23,13,-2,163254
7,11,13,29,3,0,-1,11,17,5,15,25,9,13,-112,4057,-132,-28,11,1,163255
6,14,10,30,6,-3,6,11,15,6,17,21,11,15,-114,4062,-125,-25,9,0,163255
6,12,10,29,3,-1,0,11,18,6,17,24,9,13,-112,4056,-132,-28,10,1,163255
7,14,11,29,5,-4,5,8,14,4,16,19,11,15,-112,4062,-124,-28,14,-6,163255
5,16,11,30,6,-1,3,10,15,3,17,22,10,15,-109,4067,-127,-21,8,-2,163255
7,14,10,28,5,-1,5,10,16,4,17,21,11,17,-110,4059,-128,-25,7,0,163255
6,11,12,31,3,-3,0,12,16,5,16,24,8,14,-108,4053,-130,-29,5,2,163255
7,13,12,28,6,-2,3,9,15,4,16,21,10,14,-107,4056,-125,-29,9,1,163255
7,15,10,29,5,-3,1,10,15,6,16,22,9,15,-100,4058,-127,-26,4,4,163255
5,14,10,29,6,-1,2,9,17,4,15,20,10,15,-102,4056,-130,-23,5,4,163255
6,15,9,29,5,-2,2,10,15,5,13,21,9,15,-108,4055,-129,-25,2,4,163255
7,12,11,28,5,-2,6,9,15,3,16,20,10,15,-105,4060,-122,-22,4,5,163255
7,14,9,30,4,-2,0,11,16,5,17,22,8,14,-102,4061,-115,-27,7,-8,163255
7,12,11,29,5,-1,5,11,15,5,15,21,9,14,-107,4058,-121,-29,11,-2,163255
6,13,10,30,4,-4,1,9,17,3,16,24,9,13,-101,4060,-120,-32,5,3,163255
7,12,11,28,4,-1,3,8,15,4,16,20,10,15,-95,4058,-117,-30,9,-1,163255
9,10,12,29,4,-1,4,9,15,5,16,20,10,16,-93,4063,-123,-30,9,-8,163255
10,10,12,28,5,-1,5,9,15,5,16,20,11,15,-101,4064,-120,-28,14,-5,163255
7,12,11,29,6,-2,0,11,15,5,16,23,9,13,-93,4061,-119,-30,8,-2,163255
7,13,10,30,5,-4,1,8,16,5,18,22,9,16,-95,4060,-112,-35,6,-7,163255
8,10,14,27,3,-4,5,9,14,6,15,20,11,15,-86,4073,-99,-29,24,-14,163255
9,10,12,29,7,-2,5,9,15,4,16,20,9,15,-99,4067,-109,-26,15,-22,163256
10,10,13,29,4,-6,5,8,15,5,16,19,10,14,-105,4065,-116,-29,13,-21,163256
8,12,11,29,4,-3,5,8,14,5,15,20,9,14,-104,4058,-119,-27,4,-11,163256
6,14,9,30,6,-3,0,10,18,5,17,23,9,14,-112,4056,-107,-21,8,-9,163256
7,13,11,30,5,-3,5,11,15,4,16,21,9,14,-109,4055,-110,-22,10,-12,163256
7,11,12,30,7,-3,5,10,16,5,15,19,12,17,-111,4059,-114,-26,10,-15,163256
7,12,7,30,6,-3,2,10,17,4,15,22,8,13,-114,4057,-113,-27,17,-12,163256
6,15,9,29,5,-4,5,8,16,4,16,21,9,14,-109,4060,-116,-20,11,-12,163256
5,14,8,28,4,-1,-1,10,17,5,17,23,8,15,-115,4057,-120,-18,13,-11,163256
5,15,9,29,5,-2,4,10,17,5,17,18,9,15,-115,4061,-121,-20,5,-11,163256
6,15,9,31,6,-3,1,12,18,5,16,22,9,14,-125,4051,-123,-20,3,-6,163256
9,7,14,29,2,-2,1,11,17,7,16,24,9,13,-121,4057,-121,-20,1,-5,163256
5,17,7,29,4,-2,0,10,16,5,15,22,9,16,-117,4058,-119,-19,5,-3,163256
5,17,7,27,5,-2,-2,11,16,6,16,24,9,14,-118,4056,-123,-20,8,-2,163256
4,17,9,29,7,-2,4,11,16,5,16,21,9,17,-122,4053,-127,-18,2,5,163256
5,15,11,29,6,-3,5,9,16,4,16,21,10,15,-115,4056,-128,-22,5,11,163256
5,16,11,29,6,-2,4,11,16,5,17,21,9,17,-109,4065,-116,-24,10,-5,163256
5,15,10,29,5,-2,0,11,17,5,15,24,9,15,-115,4062,-117,-22,6,4,163256
5,16,9,29,5,-2,-1,11,17,6,15,21,9,15,-118,4062,-123,-19,8,-5,163256
8,8,13,27,2,0,1,11,17,6,17,24,9,14,-113,4059,-118,-28,12,0,163256
7,12,13,27,4,1,0,11,20,7,17,23,9,14,-116,4061,-122,-22,6,-5,163256
7,13,11,29,5,0,0,12,19,6,17,24,10,15,-117,4060,-114,-21,13,-8,163257
5,16,11,29,6,-5,5,10,15,5,16,20,10,16,-112,4059,-127,-23,5,-9,163257
6,15,10,27,7,-4,2,8,17,7,16,23,9,14,-106,4067,-126,-14,10,-17,163257
3,16,8,29,6,-2,3,11,15,4,16,21,10,15,-123,4062,-126,-12,6,-18,163257
4,16,9,30,6,-4,4,10,16,4,14,21,11,14,-121,4059,-128,-13,11,-17,163257
4,14,8,29,3,-2,-1,10,18,4,17,24,10,13,-129,4056,-136,-14,6,-14,163257
4,18,6,29,6,-4,4,11,15,4,15,21,10,15,-132,4053,-140,-16,8,-13,163257
3,18,8,30,5,-4,4,10,16,4,16,22,12,15,-135,4061,-134,-17,9,-9,163257
3,19,8,29,5,-4,0,10,17,7,14,22,9,14,-127,4055,-137,-18,6,-6,163257
3,20,5,29,5,-3,-1,9,17,5,16,24,7,14,-135,4056,-137,-18,10,-6,163257
2,20,5,30,5,-4,1,10,17,4,15,22,9,16,-130,4059,-143,-13,12,-10,163257
1,17,9,29,3,0,-1,11,17,5,16,24,10,15,-133,4058,-139,-17,11,0,163257
4,17,10,30,2,-1,-1,11,18,5,15,25,9,12,-133,4055,-141,-23,5,-12,163257
1,21,3,29,6,-4,0,10,16,3,15,22,9,14,-138,4059,-148,-12,5,-12,163257
2,19,5,29,4,-2,0,12,17,3,16,22,7,13,-142,4050,-155,-23,3,-7,163257
2,21,3,31,6,-3,2,9,15,4,15,22,10,14,-141,4050,-153,-20,8,-5,163257
2,19,8,29,2,0,-2,11,18,5,16,24,10,13,-141,4063,-144,-20,12,-6,163257
1,19,6,31,5,-3,0,12,18,4,17,24,10,13,-142,4056,-152,-19,8,-5,163257
4,21,5,31,6,-2,-1,10,17,5,16,22,10,13,-141,4053,-152,-21,12,-2,163257
2,21,5,29,6,-3,0,10,15,5,15,23,10,15,-141,4060,-152,-17,6,-5,163257
2,19,7,31,4,-2,-1,10,17,5,16,23,10,14,-141,4055,-150,-19,1,-2,163257
1,21,5,30,7,0,1,10,17,3,16,22,9,13,-142,4055,-149,-20,7,-3,163258
2,17,10,29,2,1,1,11,18,6,17,24,7,12,-142,4050,-151,-22,8,-2,163258
1,19,7,31,5,-2,0,11,17,3,16,22,8,13,-142,4055,-149,-23,11,-1,163258
1,17,11,29,2,0,1,11,19,4,16,22,9,13,-137,4057,-152,-22,11,-3,163258
1,22,5,30,6,-2,-1,9,16,4,16,22,10,15,-143,4054,-153,-25,11,-2,163258
0,21,4,28,7,-3,2,10,17,4,15,21,10,15,-142,4057,-159,-26,12,-4,163258
1,20,4,31,5,-3,-2,10,16,5,15,21,12,14,-143,4062,-148,-23,9,-4,163258
1,19,11,28,2,0,0,12,20,5,15,24,9,13,-139,4056,-152,-26,9,-7,163258
3,22,5,29,5,0,0,10,17,6,16,24,8,15,-137,4061,-148,-24,7,-6,163258
2,18,10,29,2,0,1,10,20,6,16,24,8,13,-142,4054,-154,-23,6,-4,163258
0,21,4,29,7,-2,1,10,15,5,16,22,9,14,-141,4057,-153,-26,6,-4,163258
2,15,12,30,2,1,0,9,19,5,14,23,8,13,-143,4061,-148,-20,8,-5,163258
1,19,9,29,3,0,0,12,17,6,16,25,10,14,-154,4051,-159,-23,2,-10,163258
2,20,6,28,5,0,0,11,18,5,16,24,9,13,-146,4056,-149,-26,11,-5,163258
1,21,5,29,6,-1,0,12,17,5,15,22,9,13,-142,4056,-153,-33,7,-1,163258
1,21,4,30,6,-3,3,10,15,3,15,21,8,16,-142,4056,-150,-28,10,-3,163258
1,17,10,29,1,0,2,12,18,5,16,25,8,13,-140,4057,-157,-26,9,-1,163258
3,22,5,29,6,-4,2,11,15,4,17,21,10,16,-139,4062,-148,-23,8,-3,163258
0,22,6,29,5,-3,0,11,18,4,15,22,9,15,-143,4060,-153,-25,11,0,163259
1,19,7,30,4,-1,0,11,18,4,18,25,7,16,-139,4062,-152,-28,10,-1,163259
1,18,9,29,2,0,-1,11,19,5,16,25,10,14,-137,4058,-154,-24,8,-1,163259
1,20,5,29,6,-3,-2,11,18,5,17,23,10,15,-142,4057,-149,-25,7,0,163259
2,19,10,29,3,0,1,13,17,4,15,26,10,13,-139,4059,-151,-28,11,-1,163259
1,18,11,29,1,0,-1,11,16,7,15,23,8,15,-136,4054,-147,-27,5,2,163259
2,18,10,31,2,-1,0,12,19,7,16,24,9,13,-139,4062,-149,-24,10,-1,163259
2,18,10,29,2,-1,0,13,19,5,18,25,8,13,-139,4058,-148,-26,9,1,163259
0,19,10,28,2,-1,-1,10,19,6,15,25,9,14,-138,4057,-147,-30,12,3,163259
-1,21,5,30,7,-4,0,9,15,4,17,21,8,16,-127,4062,-145,-28,9,3,163259
1,19,11,29,2,-1,1,10,18,7,16,24,9,13,-131,4061,-140,-23,13,1,163259
2,20,10,32,4,-1,0,12,18,6,16,24,9,14,-129,4059,-146,-23,9,-5,163259
3,17,11,29,3,-2,-1,11,18,6,15,25,9,14,-133,4060,-145,-24,11,-5,163259
2,18,12,29,2,0,0,12,17,7,16,24,8,13,-136,4055,-146,-26,12,-6,163259
2,17,10,30,3,-1,1,10,20,6,17,25,8,14,-132,4059,-143,-26,10,-5,163259
2,19,8,31,4,-2,-3,12,18,5,17,24,10,14,-131,4060,-147,-25,9,-2,163259
3,16,12,30,1,-1,1,12,17,7,15,22,10,12,-129,4061,-147,-24,10,-5,163259
2,22,6,29,7,-4,2,11,17,5,16,22,10,16,-132,4059,-150,-22,5,-4,163259
3,22,6,30,7,-4,2,10,16,6,15,21,10,16,-133,4062,-145,-20,3,-3,163300
1,18,12,29,2,0,-1,10,18,7,17,24,8,15,-127,4056,-150,-30,13,-2,163300
1,17,11,30,4,0,-1,11,19,5,17,24,10,13,-130,4061,-147,-23,3,0,163300
3,17,13,29,3,0,0,12,17,8,16,24,6,14,-129,4058,-142,-31,10,-4,163300
3,18,12,29,2,-1,2,11,18,8,17,24,8,13,-132,4061,-141,-24,12,2,163300
2,19,9,30,4,0,1,11,18,4,17,24,9,15,-129,4059,-144,-29,14,-6,163300
2,18,12,29,1,-4,0,12,17,6,16,24,8,13,-127,4060,-143,-31,10,-6,163300
2,17,12,29,0,1,-1,12,16,8,15,24,8,12,-127,4063,-147,-25,12,-14,163300
3,19,11,30,3,-3,-2,11,20,5,16,25,9,14,-129,4057,-140,-26,10,-9,163300
2,22,7,29,7,-2,0,10,17,4,16,23,10,15,-136,4056,-143,-29,7,-5,163300
1,23,6,29,5,-3,-1,8,19,5,16,21,10,14,-133,4059,-142,-27,8,-7,163300
1,18,12,29,4,-2,1,11,18,6,16,24,10,14,-139,4055,-132,-27,9,-3,163300
2,16,13,29,1,1,2,11,19,6,16,24,7,12,-140,4054,-139,-30,7,0,163300
2,16,14,31,0,-1,1,11,19,7,16,26,9,13,-129,4063,-132,-28,3,2,163300
3,20,11,31,3,0,-1,11,20,5,16,26,9,13,-131,4057,-135,-26,9,5,163300
2,17,10,30,2,0,0,10,18,6,16,27,11,14,-133,4052,-138,-28,15,8,163300
3,19,6,29,7,-3,5,9,14,5,15,22,11,15,-130,4060,-134,-32,13,10,163300
4,16,12,28,1,0,1,9,18,5,16,23,9,14,-125,4053,-128,-26,11,25,163300
2,15,9,31,3,0,-1,11,16,6,15,22,7,13,-111,4076,-113,-25,4,5,163300
3,17,10,29,6,-2,5,10,14,5,16,19,10,14,-120,4062,-132,-35,5,9,163300
2,18,8,31,6,-2,0,9,14,6,15,21,9,14,-111,4050,-127,-42,23,11,163300
2,15,10,29,5,-4,3,8,14,4,14,20,10,15,-113,4062,-123,-52,6,-2,163300
3,15,10,30,4,-1,5,9,15,4,15,21,10,15,-112,4062,-110,-43,5,1,163300
5,14,12,28,5,-4,5,7,14,5,15,19,10,15,-104,4057,-114,-34,6,3,163300
5,13,11,29,4,-2,0,9,16,7,15,24,8,13,-106,4065,-108,-32,6,-4,163301
3,15,9,29,4,-1,1,9,15,4,15,22,9,13,-99,4063,-112,-37,5,0,163301
3,13,11,30,5,-3,4,7,15,4,15,20,11,15,-94,4062,-107,-34,3,-6,163301
3,15,8,30,5,-3,-2,9,16,5,16,23,8,13,-99,4069,-114,-6,28,-12,163301
6,15,9,29,7,-3,1,9,15,4,16,21,10,14,-91,4074,-115,0,3,-10,163301
4,16,9,28,6,-2,3,10,15,5,15,20,8,14,-114,4065,-122,6,13,-13,163301
3,16,10,30,7,-2,3,9,15,5,16,22,8,13,-117,4058,-129,-19,0,-12,163301
4,15,10,28,5,-3,6,9,16,5,16,21,9,13,-99,4057,-94,-31,-2,-3,163301
3,17,11,29,5,-1,5,10,15,4,15,22,9,13,-106,4081,-104,8,25,-16,163301
6,17,10,27,5,-4,2,9,16,3,15,20,10,15,-117,4078,-131,-9,-1,-30,163301
7,11,11,29,6,-5,5,8,15,2,15,18,8,16,-113,4058,-112,-32,7,-29,163301
7,12,13,27,5,-4,4,10,14,5,14,18,10,14,-122,4067,-117,-2,14,-14,163301
4,15,11,30,5,-4,4,8,16,5,15,19,10,15,-124,4052,-127,-31,-6,-4,163301
4,14,14,27,5,-4,6,9,14,4,14,19,11,15,-132,4054,-130,-29,-11,-2,163301
4,15,11,27,6,-4,5,9,14,3,14,19,9,15,-125,4053,-129,-22,-16,2,163301
3,15,11,28,5,-5,3,9,16,4,15,21,9,16,-132,4052,-114,-33,-1,16,163301
4,18,9,28,5,-3,0,10,16,4,15,23,8,13,-125,4048,-129,-36,-4,5,163301
4,11,13,27,5,-5,6,8,14,4,13,20,8,15,-108,4047,-147,-36,-10,31,163301
4,12,12,25,5,-5,7,9,15,5,13,18,9,15,-98,4060,-120,-50,-23,15,163302
5,12,14,26,6,-3,6,10,14,5,15,19,9,14,-89,4074,-114,-11,-17,2,163302
7,9,12,26,3,-5,8,8,13,5,14,21,10,14,-104,4059,-113,-8,-4,0,163302
7,11,11,27,6,-4,7,9,14,8,12,19,10,15,-111,4057,-108,-50,29,-23,163302
10,9,14,25,3,-4,7,9,14,6,13,21,9,15,-108,4043,-124,-45,27,-38,163302
12,5,14,23,5,-4,6,7,12,9,9,19,10,15,-126,4074,-53,-92,16,-58,163302
8,12,10,23,7,-5,8,7,11,11,8,21,12,13,-127,4087,-73,-40,-38,-85,163302
9,10,11,25,7,-4,8,7,10,11,8,24,10,16,-185,4066,-50,-48,-37,-49,163302
8,10,9,26,7,-5,7,8,12,9,10,24,11,17,-163,4061,-113,-12,-26,-39,163302
11,8,13,24,4,-4,7,7,14,4,13,29,10,14,-174,4087,-68,18,10,-34,163302
4,18,8,26,7,-4,7,8,11,7,8,29,10,16,-176,4046,-78,-12,20,-21,163302
5,16,11,26,5,-5,6,8,13,6,12,29,9,16,-181,4023,-98,-6,17,4,163302
6,10,12,27,4,-5,6,10,15,4,13,27,9,16,-177,4091,-80,5,37,-8,163302
5,14,12,28,5,-4,6,7,13,5,13,28,10,15,-144,4106,-89,2,1,-20,163302
5,14,11,27,4,-3,6,9,13,5,13,30,11,17,-140,4075,-153,-10,-57,-35,163302
3,16,8,30,6,-4,7,8,12,7,11,29,10,15,-167,4111,-58,-4,-65,-48,163302
3,16,8,27,3,-2,5,7,13,4,13,28,10,14,-174,4103,-120,79,-36,-99,163302
2,17,3,29,5,-5,6,8,12,3,12,27,7,12,-159,4309,3,146,-156,-130,163302
1,16,-2,24,5,-4,2,10,13,2,16,12,8,10,-160,4633,376,-242,265,-376,163302
1,16,-5,12,7,0,-2,15,5,9,11,3,7,9,-97,4855,-495,374,151,-1062,163302
7,4,14,0,6,-5,4,7,5,11,3,3,7,10,17,5035,-652,-258,-333,-1493,163302
11,-1,11,-1,7,-2,1,9,2,10,2,3,8,9,-255,5673,447,127,17,-2437,163303
11,2,8,7,-2,0,2,4,8,2,3,8,3,5,-582,5861,362,617,614,-3593,163303
7,10,3,1,8,-5,3,8,-1,9,4,3,9,7,-920,4782,221,-198,438,-3821,163303
12,4,4,6,5,-4,6,2,1,8,5,3,5,9,-604,2629,528,3038,2025,-2961,163303
12,4,5,6,2,0,1,6,7,2,4,8,4,3,-269,3864,331,-627,118,3087,163303
8,6,7,1,4,-3,0,10,-3,7,8,2,10,0,3503,2778,-702,-793,-369,1921,163303
11,1,9,3,2,2,4,3,6,6,5,7,5,4,-154,4254,113,-1760,44,3392,163303
9,12,0,2,5,-5,5,7,0,9,2,2,12,-1,2221,1887,390,-858,-512,2845,163303
8,10,3,4,6,-4,3,7,0,9,11,3,8,9,-341,5669,-294,-993,-137,3160,163303
13,0,9,1,0,3,2,3,6,7,5,8,6,6,-821,6381,-161,-1273,-437,2401,163303
10,7,5,0,7,-2,0,9,-1,8,9,1,9,9,-1549,5888,-380,-1605,-1073,1901,163303
7,5,6,8,0,2,5,4,5,7,5,7,5,6,-3471,5481,-1228,287,-1830,2328,163303
9,7,7,1,7,-2,2,9,1,7,9,3,6,10,-6644,5080,-365,-1207,-1828,-23,163303
12,-1,5,8,-2,-1,4,5,4,4,5,6,5,7,-1579,5600,2480,-634,6763,-4038,163303
7,8,3,2,2,3,0,1,6,7,3,8,5,2,-1273,3890,1906,-2135,-424,-1521,163303
10,1,12,-3,7,1,-5,9,-2,8,10,1,9,7,-404,4081,-438,1652,185,-521,163303
7,5,9,11,0,-1,3,5,6,7,6,8,5,5,35,4232,-35,-115,-232,22,163303
13,1,15,0,6,-3,2,8,2,11,5,6,11,0,306,3879,277,-246,-132,124,163303
13,2,15,2,5,2,-2,10,4,3,13,6,6,13,187,4005,47,-203,-4,32,163303
10,8,13,5,6,5,-2,10,2,3,13,4,12,-1,258,4294,271,28,69,-91,163303
14,4,13,19,2,3,1,5,12,0,11,7,9,17,176,4236,174,170,152,-166,163303
11,8,9,17,3,1,1,2,11,-1,11,4,14,1,181,4078,83,118,40,-226,163304
10,7,6,23,-3,4,5,1,11,9,6,17,8,17,-3,4059,59,192,39,-260,163304
12,3,12,20,-1,0,6,1,9,15,3,20,12,10,10,4050,-34,189,-51,-172,163304
10,6,9,16,8,-6,7,1,6,18,6,18,15,2,-62,4020,-100,86,27,-144,163304
10,4,10,24,-3,-2,7,2,10,21,1,24,12,12,-52,4149,-61,136,-3,-174,163304
2,15,-1,26,0,3,4,3,12,20,3,27,9,12,-86,4167,-126,240,-47,-262,163304
1,15,-4,24,1,3,3,5,12,15,4,25,7,11,-132,4202,-112,205,-81,-373,163304
4,11,0,21,1,-2,3,6,13,11,8,11,8,8,-99,4847,-114,164,-2,-721,163304
4,11,0,6,5,1,-5,13,2,10,10,1,9,6,-88,5314,-73,-423,111,-1593,163304
11,-2,11,-3,6,-3,5,8,5,12,3,5,7,9,470,7218,-173,179,189,-3305,163304
7,8,2,2,7,-4,7,7,4,7,5,5,5,7,896,7872,328,84,696,-5560,163304
8,10,1,2,6,-5,4,7,1,8,3,2,9,6,-344,4564,41,-895,710,-5278,163304
6,7,4,1,7,-5,1,9,-3,9,4,3,10,-2,2524,2274,1775,-331,4624,1076,163304
9,2,7,6,2,0,0,4,6,6,4,8,5,5,618,4281,473,-1173,-205,4331,163304
7,7,3,3,5,1,1,6,8,3,5,11,3,4,3556,1684,255,746,177,2672,163304
7,8,2,3,6,-4,3,7,0,11,-1,8,12,0,98,6475,77,-1695,-874,4293,163304
6,8,2,1,7,-5,2,7,-1,10,1,4,12,1,2695,2717,477,-1638,-1198,4911,163304
11,0,5,8,-2,3,6,1,4,7,8,5,6,4,-1648,7803,496,-1056,-502,4023,163304
4,7,8,0,7,-1,-5,9,0,9,8,1,12,1,-3609,6729,-206,-2195,-1059,3371,163305
9,11,1,3,7,-6,7,4,1,10,0,9,10,-3,-7663,6055,-2768,1653,-3308,743,163305
7,2,6,4,1,0,1,5,7,3,5,8,2,3,-5430,6923,108,4179,6850,-5449,163305
7,8,4,2,7,-6,6,3,0,10,1,7,9,2,-751,4126,963,-3229,-4172,-253,163305
4,7,11,10,2,-5,7,1,5,10,2,8,12,0,415,4298,-252,2955,272,-587,163305
11,6,10,12,0,-3,4,4,4,7,6,10,7,2,58,4787,-21,119,-226,-46,163305
12,4,11,10,4,3,-1,5,11,1,13,8,7,11,450,3405,196,-617,-202,-14,163305
10,11,7,24,-3,5,2,-2,13,2,10,6,9,10,19,4406,68,433,201,-255,163305
12,5,16,20,3,-5,8,1,11,10,8,10,9,13,101,4238,-25,267,-33,-134,163305
11,2,13,21,-2,0,3,-1,13,5,13,16,11,1,131,4019,-134,112,10,-179,163305
11,2,14,22,0,-4,7,0,11,9,12,17,8,3,-24,4006,-225,219,-70,-192,163305
12,2,14,22,-3,-1,8,0,9,16,10,12,12,-3,-96,3940,-210,-2,-73,-118,163305
8,7,11,23,1,-4,7,1,8,20,7,15,10,3,-74,4109,-103,36,59,-171,163305
7,6,8,21,-1,-4,7,1,9,19,5,19,7,9,-114,4282,-41,44,57,-240,163305
5,13,-2,23,1,0,1,9,18,5,13,2,8,8,56,5009,-337,-371,-4,-909,163305
6,10,2,24,-4,0,6,3,13,18,9,10,9,6,-106,4339,-111,210,-36,-431,163305
7,8,9,0,7,1,-2,11,5,9,3,2,10,8,142,5856,-143,-86,215,-1984,163305
12,-2,11,-2,7,-2,3,12,6,9,3,4,6,10,699,8003,601,-36,841,-4330,163305
6,3,9,-3,6,-1,-3,11,-1,12,2,3,11,-1,527,7870,1388,293,1697,-6799,163305
6,7,3,0,7,-7,2,9,0,9,2,2,11,-2,545,4542,1728,2034,3323,-5981,163305
10,4,2,5,8,-3,7,3,1,7,9,3,6,8,4358,2564,498,-2135,2171,1269,163305
8,6,5,-1,7,-3,-2,7,-2,10,4,2,12,-1,1947,359,2284,-1723,538,2252,163306
12,1,5,5,-1,-2,5,2,4,7,11,4,8,10,551,3638,973,-811,-957,4544,163306
12,1,5,7,0,-3,5,-1,4,11,1,10,7,2,-58,4530,1167,-2894,-897,4838,163306
7,6,5,1,8,-4,2,8,0,10,8,3,8,9,-937,7080,-164,-708,-604,4326,163306
5,10,0,7,7,15,9,8,0,8,5,4,8,9,-2232,7713,666,-1244,-432,3725,163306
5,8,5,-1,15,15,20,6,2,9,7,3,7,11,-3630,6320,-574,-1972,-1317,2941,163306
6,7,8,-1,26,17,28,5,4,7,7,7,4,6,-7387,5525,-731,-494,-2153,1064,163306
4,5,6,-1,32,12,33,4,7,8,5,8,5,6,-4257,7590,-4632,4441,2143,-2701,163306
7,10,2,3,7,-5,7,3,2,10,1,9,11,2,2595,2482,1396,-3077,-1813,-1745,163306
13,2,12,13,0,-1,2,3,8,6,5,7,3,7,-1817,5982,-833,4111,2060,-1835,163306
9,8,10,8,5,3,-4,12,0,9,8,4,14,-1,138,3616,1272,-1835,-630,199,163306
8,14,8,18,5,4,-4,11,1,6,14,4,8,13,75,3883,579,227,366,-141,163306
7,19,12,22,6,3,-5,12,1,5,14,4,9,15,88,4347,-145,313,244,-107,163306
8,19,12,18,7,2,-5,10,2,5,12,6,10,15,127,4214,300,54,105,-35,163306
7,18,12,19,8,-3,1,10,3,6,12,7,10,14,477,4036,140,173,-75,-87,163306
6,14,9,25,6,0,-6,8,0,8,12,5,7,13,112,4069,-85,320,66,-243,163306
11,10,9,23,6,2,-2,8,10,3,11,8,9,11,139,4133,56,303,11,-260,163306
7,12,5,26,2,5,-1,2,14,1,13,3,10,9,75,3990,-360,326,-26,-354,163306
7,8,5,29,-5,3,5,-1,14,1,13,5,8,9,69,4238,-158,290,-105,-568,163306
3,13,0,32,-2,6,4,1,16,3,14,7,8,5,-30,4615,92,-19,-101,-915,163306
2,12,-2,26,2,0,-1,8,16,5,14,3,6,8,60,4946,-538,375,-299,-1180,163306
7,6,7,2,5,-1,-4,13,6,11,7,2,9,7,213,5882,-645,-259,26,-2271,163307
11,-4,11,-3,9,-4,2,12,4,12,1,6,10,3,260,6084,-359,-187,353,-3904,163307
3,3,8,-1,7,-5,8,4,5,11,1,9,4,5,-915,5748,-653,-862,-145,-4564,163307
4,6,7,-5,35,10,28,10,-2,10,-1,4,11,0,-4171,3741,1601,-1365,1217,-3295,163307
8,4,5,3,4,1,-1,5,8,2,4,9,-1,4,-5567,5379,1130,-2169,2820,-1182,163307
8,5,5,4,2,-2,2,5,7,4,5,9,2,6,-3189,4110,1104,454,1576,-2504,163307
5,6,3,2,9,-4,5,8,1,10,3,4,11,1,633,3220,0,1351,1026,414,163307
3,5,9,-1,7,-1,0,10,0,10,4,3,10,2,2641,2440,97,-1153,156,4214,163307
6,7,3,0,8,-2,2,9,0,8,9,4,8,9,3015,1501,504,647,463,2470,163307
6,6,8,1,8,-2,2,8,0,13,1,6,13,-2,1682,3686,8,-1868,363,4520,163307
10,3,2,6,1,-6,7,-1,6,9,-2,8,10,0,2957,1157,533,-143,685,2933,163307
9,5,2,4,6,-2,8,4,2,8,9,3,7,10,127,6434,-334,-1802,74,3980,163307
11,-2,9,5,0,3,3,4,5,7,6,8,5,5,-1894,8204,47,-1964,-1899,4311,163307
8,7,1,6,7,-4,8,3,2,10,1,10,9,2,-6967,8690,-2465,440,-4076,1608,163307
3,9,2,3,16,16,20,4,6,7,4,9,5,4,-12002,4437,686,-1935,-389,-3224,163307
12,0,8,10,-1,1,2,5,6,7,5,8,8,4,3094,6036,-2025,5110,-2618,-1340,163307
10,2,9,14,-2,-1,2,5,7,6,7,9,3,2,-863,4490,-423,143,2381,-1357,163307
12,2,15,5,4,2,-3,8,9,0,13,3,9,9,-642,3660,1127,-1537,441,-262,163307
11,1,13,7,4,2,0,4,11,0,14,5,10,6,-138,3988,499,-122,179,-119,163308
13,7,14,17,1,1,0,5,11,0,10,9,8,13,-40,4265,340,-146,331,-131,163308
14,6,13,17,0,1,1,5,10,4,6,14,9,16,57,4236,463,-180,186,-202,163308
12,6,12,20,1,0,2,5,10,6,8,10,13,1,89,4169,400,23,139,-234,163308
12,9,9,20,1,1,2,4,10,11,2,20,9,13,-95,4056,271,150,64,-169,163308
11,8,8,20,2,3,2,4,11,11,3,21,8,13,-55,3984,167,144,49,-121,163308
11,5,11,22,0,-1,2,4,9,12,2,21,9,15,-38,3984,140,-42,31,-112,163308
13,2,13,21,-1,-2,4,6,10,11,2,24,10,12,-81,4151,257,119,-32,-147,163308
9,4,11,23,-2,-1,4,6,11,10,6,17,12,4,-146,4111,232,51,105,-217,163308
6,9,6,23,-1,-1,3,7,11,9,7,21,10,10,-96,4157,170,79,-105,-204,163308
4,11,1,20,3,-3,6,9,13,4,14,18,7,9,-78,4494,225,-50,-194,-493,163308
6,9,4,7,5,0,0,16,8,11,14,4,8,8,-21,5505,28,476,-103,-1259,163308
12,-1,13,0,8,3,-4,15,7,13,6,5,8,10,655,6872,387,-596,-133,-2807,163308
4,7,8,-1,5,0,-3,13,-1,12,2,6,10,0,1139,8604,133,1332,559,-5720,163308
8,3,10,-3,7,2,-3,10,-3,9,2,1,11,-2,454,5847,-823,-854,-339,-5938,163308
3,7,7,-2,8,-2,-2,9,-1,10,1,3,10,-2,1503,2412,170,668,2386,466,163308
5,7,8,-1,6,-4,-2,8,-1,9,1,5,11,0,4101,1837,-743,3167,-95,2583,163308
6,7,1,3,6,-2,3,7,0,9,0,7,12,0,3762,1369,-330,-1108,-787,4984,163308
11,2,7,7,1,-1,5,4,5,4,5,9,4,6,1242,3062,-48,-171,336,4656,163308
4,5,10,-4,9,-2,-3,10,0,10,2,2,12,-2,-141,5129,481,-1507,181,5059,163308
7,2,9,-1,6,0,-7,11,-2,11,4,3,11,-3,-1118,8071,-311,-1893,-236,4286,163308
12,0,6,8,-3,1,8,2,4,10,0,10,4,3,-4774,7931,551,-1521,-1264,2977,163309
7,3,10,-2,7,2,-3,10,-2,11,7,4,10,3,-6716,4930,-142,-983,-2111,1350,163309
10,-2,11,-3,7,3,-4,10,-1,11,4,3,11,-4,-7621,8871,-2184,4706,2406,-4451,163309
2,3,9,-2,7,0,-3,10,-1,9,5,2,9,-2,3109,2717,993,-1926,-4382,-163,163309
12,0,10,8,0,0,1,4,7,7,2,8,8,5,-1584,6299,-487,3731,1938,-1800,163309
12,3,13,0,6,0,-3,10,0,9,10,4,6,11,-222,3525,1285,-2127,-652,28,163309
9,9,9,7,4,3,-4,10,7,2,12,1,8,10,-158,4054,547,1069,86,-341,163309
8,13,6,24,1,5,0,1,13,-1,13,6,9,15,-392,4132,-317,82,75,-310,163309
11,3,13,20,0,-2,7,0,8,12,6,15,6,18,-174,4241,460,-226,-55,-208,163309
12,2,10,19,6,-5,6,2,7,19,4,17,8,15,-305,4132,167,70,213,-293,163309
10,4,12,21,-3,0,5,0,11,11,13,12,14,0,-366,4107,-19,195,35,-262,163309
5,11,-1,27,-2,4,3,1,12,11,10,9,9,8,-415,3964,7,69,-28,-263,163309
5,13,-2,27,-3,4,4,1,13,9,12,8,8,9,-468,3885,-130,75,-95,-145,163309
4,12,-4,26,3,2,1,3,14,9,13,10,8,9,-463,4124,116,-36,64,-117,163309
5,11,0,24,-1,-1,1,7,14,3,15,9,7,10,-483,4213,46,-8,151,-308,163309
4,10,0,17,3,-1,-1,11,17,7,13,2,8,9,-406,4798,44,-122,9,-658,163309
7,8,8,1,6,3,-5,15,5,11,8,2,8,8,-125,5822,147,-76,27,-1576,163309
12,-4,10,-2,7,0,-6,17,5,11,-1,3,8,6,425,7684,820,52,555,-3859,163309
3,6,8,0,5,-2,-4,12,-2,11,3,3,10,-4,1581,10191,1152,1004,1461,-6468,163309
11,6,1,5,6,-4,9,3,1,10,2,4,9,1,1314,4028,1533,-881,885,-5814,163309
7,11,1,3,6,-3,4,5,-1,9,0,6,11,0,4429,3296,1408,-1603,4342,1936,163309
11,2,4,5,1,0,2,4,7,4,6,9,5,6,1331,-130,3197,-1430,1339,2690,163310
12,2,5,6,1,-2,6,0,4,10,0,8,10,1,1229,3138,1411,-1760,-1092,5628,163310
10,9,2,5,6,-6,5,5,0,10,1,6,12,0,-369,4702,418,-2118,262,4897,163310
10,6,3,5,4,-5,7,0,2,11,1,10,8,1,90,6959,-1116,-2059,-847,4811,163310
10,3,5,8,-4,4,4,1,8,10,2,11,5,2,-2139,8658,-424,-1196,-1739,4327,163310
9,8,3,5,5,-4,8,0,3,7,4,6,6,7,-5454,7152,-513,-991,-1985,2937,163310
11,1,7,7,-3,-2,4,5,5,6,5,8,3,7,-10336,7974,-1283,-1619,-3713,-1611,163310
6,6,3,4,6,-6,7,5,1,10,5,3,11,-3,3293,5020,-722,3706,1855,-3404,163310
6,9,7,6,1,-4,5,1,3,8,6,4,7,9,-3090,6641,1463,-1169,-812,-624,163310
14,3,14,5,7,5,-5,10,4,5,12,4,7,11,835,2965,1392,166,-432,-150,163310
11,4,13,12,5,3,-2,3,11,-1,14,3,12,4,-454,4883,-204,1372,446,-466,163310
11,9,16,21,-3,-1,5,-5,8,2,0,12,9,13,71,3944,60,-629,-140,62,163310
11,8,15,21,-6,2,6,-4,8,0,3,13,11,7,18,4198,493,81,104,-190,163310
12,5,13,22,7,-5,8,0,7,12,8,12,10,13,-14,4147,41,283,103,-250,163310
8,9,7,22,5,-6,7,2,4,18,6,12,9,10,-190,4015,75,128,22,-267,163310
4,12,4,24,6,-5,8,2,6,21,6,11,9,8,-140,3987,-50,116,-131,-238,163310
6,11,4,24,6,-3,6,1,7,21,4,14,9,9,-224,4058,-15,143,-89,-182,163310
7,10,4,23,3,-4,8,2,9,21,5,14,8,9,-203,4244,64,21,-3,-237,163310
7,10,5,24,-5,0,6,2,15,11,13,6,9,8,-231,4430,39,354,136,-469,163311
4,13,-3,21,3,1,-2,9,13,6,13,0,9,8,-12,4971,-136,-276,-91,-859,163311
4,10,6,3,7,-2,0,15,6,11,7,3,10,6,26,6127,215,13,386,-2203,163311
2,5,9,0,7,-4,7,6,7,10,2,4,6,8,794,8235,1071,252,1108,-4771,163311
10,8,1,4,7,-6,9,1,3,10,0,6,8,4,851,8264,579,1155,727,-6668,163311
9,9,3,3,3,1,0,5,9,0,3,10,2,4,421,3020,1518,1432,1232,-5642,163311
12,0,5,7,-2,-2,7,1,3,10,5,4,8,7,5691,2968,-746,-1239,1994,2471,163311
9,7,4,4,4,-4,3,6,3,5,8,5,6,8,1992,433,2845,-3335,467,3471,163311
9,3,6,3,3,-2,-2,5,9,3,6,10,4,5,89,3743,1313,-1722,254,4944,163311
10,2,4,5,2,-4,4,4,6,6,7,6,6,8,9,5536,-193,-2363,-337,4828,163311
10,2,7,3,0,1,2,1,8,7,4,9,4,6,-576,7248,-37,-2174,-956,4426,163311
11,1,7,3,1,0,2,5,6,6,4,9,3,3,-2616,8367,434,-1190,-868,3516,163311
12,-1,8,5,1,2,2,3,8,5,4,10,6,5,-4900,6481,-1798,-1531,-2489,2608,163311
6,6,10,-3,6,-3,-4,10,-1,12,1,6,12,2,-11986,6433,1405,-1191,1375,-2332,163311
4,5,3,0,8,-6,5,7,0,11,2,4,12,-3,2111,5749,-957,7848,957,-2583,163311
8,12,4,5,6,-6,7,1,2,11,0,7,9,-1,414,5085,-1085,-3237,-1404,-2037,163311
14,4,13,15,-1,1,4,5,6,7,6,9,11,2,-930,4341,1138,1429,1593,-1325,163311
11,9,12,9,4,1,-1,6,12,2,14,3,12,10,-670,4267,927,-438,476,-624,163311
13,5,13,23,-4,4,4,0,14,5,12,13,9,14,-294,3878,622,-381,129,-243,163311
11,1,12,18,-3,-2,7,-4,7,5,0,13,11,16,-74,4338,430,232,191,-372,163311
9,8,5,23,-2,3,3,0,15,7,11,22,10,17,-282,4104,340,199,82,-319,163311
4,11,-1,19,1,5,3,0,17,6,13,22,11,12,-245,4107,178,238,-185,-332,163312
8,5,5,11,4,1,1,9,16,5,13,21,11,9,-354,4026,220,-133,-74,-303,163312
8,5,6,7,6,-3,1,11,13,13,15,19,12,6,-575,3953,368,102,105,-263,163312
6,7,6,5,5,-1,-5,12,14,14,13,16,11,3,-462,4168,273,134,62,-186,163312
5,11,4,7,5,-3,-3,14,15,14,13,12,9,4,-450,4052,30,109,186,-345,163312
5,9,4,15,0,0,-2,15,15,13,16,8,9,9,-384,4785,82,-501,6,-737,163312
8,7,4,10,0,3,2,12,18,13,13,5,7,8,-162,5996,533,-325,111,-1786,163312
6,6,5,1,6,-1,-3,17,4,12,8,5,7,8,469,7920,1483,-284,715,-4096,163312
3,6,8,-2,7,-5,5,8,5,8,5,3,7,7,437,7699,613,245,1246,-6488,163312
5,7,3,0,8,-5,2,7,-1,10,2,5,10,-4,-87,5321,2073,-3230,2551,-5848,163312
7,9,2,3,6,-2,-1,7,6,4,5,8,3,6,1966,1658,2719,-289,5166,1323,163312
9,7,3,5,4,-3,2,6,5,4,6,7,4,7,2758,2021,240,1408,-791,3786,163312
9,1,5,6,0,-2,5,5,3,6,8,4,6,9,2275,2478,720,-1581,-1607,5749,163312
13,0,8,6,-3,4,4,1,6,11,1,9,3,0,0,4721,73,-939,545,4686,163312
8,9,1,3,7,-4,5,4,1,11,1,6,12,-3,474,6684,-1102,-2459,-502,5137,163312
8,4,6,4,2,0,0,4,9,3,3,10,1,5,-2257,8593,-141,-269,-1246,3872,163312
8,5,8,1,3,1,0,1,7,6,2,10,3,5,-5369,6919,-336,-1659,-1506,2843,163312
11,1,6,6,-3,4,4,0,5,11,4,3,8,6,-10557,8081,1240,-5108,-1680,-560,163312
8,0,6,9,-4,2,4,1,3,9,2,3,9,2,1710,6326,1123,3736,3603,-3218,163312
8,8,8,6,4,0,-1,5,8,2,6,8,2,5,-1712,5797,83,-2360,-1278,-1806,163312
10,6,15,1,5,4,-2,6,10,-1,12,1,9,11,437,3696,1869,842,-179,-507,163312
13,1,15,4,3,2,-2,5,10,0,12,5,8,13,-481,4470,-46,728,323,-321,163313
15,6,14,19,1,0,0,3,8,4,6,20,5,20,183,4018,349,-578,-49,101,163313
9,15,8,13,4,3,-1,0,11,7,5,21,7,19,281,4174,700,-244,33,-235,163313
7,14,0,22,0,4,3,1,9,9,6,16,11,18,11,4252,468,251,139,-410,163313
11,6,10,13,6,-3,8,2,6,19,4,25,11,18,-335,4061,361,327,136,-335,163313
9,6,10,18,4,-4,7,2,7,24,2,28,11,15,-166,3948,228,251,-128,-101,163313
10,4,12,20,1,-4,6,2,8,23,4,29,11,12,-307,3994,221,180,131,-111,163313
12,1,13,22,-3,0,6,3,9,23,3,28,10,11,-159,4125,105,217,-55,-156,163313
8,5,9,21,-1,-5,7,2,8,24,4,27,10,4,-163,4146,74,192,-154,-257,163313
3,11,-1,23,5,-5,8,4,9,21,9,15,9,3,-156,4708,309,-276,138,-677,163313
6,8,3,11,5,-2,0,9,13,6,14,1,7,10,-192,5241,348,-68,77,-1253,163313
10,4,9,0,7,-1,-1,16,3,13,5,3,8,8,126,6618,469,-258,371,-2595,163313
3,7,3,2,8,-8,11,4,5,10,1,4,7,7,899,8424,984,1121,633,-5079,163313
8,6,1,4,8,-6,7,3,1,10,2,4,11,-5,4959,2147,-891,2649,-2100,2934,163313
5,8,0,1,7,-6,6,4,-2,10,0,4,9,4,244,5951,-216,1656,358,-6008,163313
12,0,6,8,-2,1,4,2,5,6,5,4,8,9,3315,2108,674,-2254,-1257,4837,163313
12,1,7,7,-1,-1,3,4,6,5,5,7,4,5,1975,1321,1388,1483,2452,-198,163313
7,9,3,5,6,-5,6,7,3,10,1,4,10,-3,-695,4052,1094,-1499,1546,4203,163313
8,7,3,2,7,-4,5,6,0,11,3,4,13,-3,-138,6064,-411,-2803,477,4644,163314
12,0,6,7,0,0,1,5,7,2,5,8,6,6,-2735,7421,58,-2171,1613,3921,163314
6,5,7,1,7,-4,1,8,2,10,1,3,10,1,-3241,7537,-2313,-2079,1177,3268,163314
11,2,5,8,-1,-2,4,5,5,8,6,7,4,8,-5420,5645,-3463,-836,-1280,1281,163314
10,-4,11,-1,3,3,1,2,9,6,2,8,3,3,-4679,8189,-2023,7397,6497,-5928,163314
8,-2,7,9,-2,-1,3,4,6,6,7,5,4,7,195,2816,988,-4790,-4161,6,163314
10,10,9,8,1,-3,4,4,5,6,6,7,2,6,78,5054,-108,3098,-2262,434,163314
7,13,16,23,3,1,0,6,12,-1,14,3,9,14,73,4093,-47,208,70,-124,163314
11,5,14,12,4,-4,3,8,6,7,6,9,3,4,407,4344,-247,815,-638,85,163314
9,13,14,26,4,1,-1,6,12,0,16,3,9,15,25,4234,286,8,82,-112,163314
11,8,14,12,4,3,-2,9,6,3,13,6,7,10,245,3862,159,-330,-115,89,163314
15,10,14,22,3,1,0,4,12,-3,15,6,9,13,154,4038,184,116,52,-173,163314
11,12,11,21,3,3,4,0,11,5,7,11,10,16,65,4075,50,174,-18,-199,163314
11,6,13,28,-2,5,5,2,10,13,6,18,8,8,-185,4099,54,-2,162,-191,163314
13,9,12,27,-2,3,1,2,10,10,4,15,9,17,-89,4133,168,42,258,-254,163314
12,4,15,27,-2,2,6,0,8,19,4,11,11,4,-205,4097,51,43,209,-253,163314
12,5,17,27,-1,3,6,1,9,14,2,21,9,13,-190,4045,27,16,227,-235,163314
6,13,2,30,-1,4,4,2,9,18,4,17,9,10,-293,4115,189,-124,220,-225,163314
3,13,-2,27,2,2,2,2,13,12,9,10,9,7,-266,4578,273,565,36,-396,163314
3,15,-2,16,2,5,-1,7,12,7,12,4,7,7,62,4421,-869,828,6,-638,163314
7,5,7,3,5,-2,0,9,6,9,2,2,9,8,-582,3888,-21,-662,567,-730,163314
11,3,5,7,-1,-4,6,4,5,7,5,4,5,9,-1520,3417,2301,-627,2349,-358,163315
11,1,4,9,-3,1,5,-2,4,6,-3,10,4,2,-554,3226,1666,-2487,4032,945,163315
10,0,6,9,-2,1,6,-3,1,7,-2,6,11,0,25,4867,-1704,3315,4618,786,163315
12,1,5,8,-3,2,5,0,2,6,-1,4,12,-1,62,4072,-586,-2543,2176,1916,163315
11,0,5,8,-4,0,5,-1,2,6,1,2,13,-1,-649,4932,-797,2762,4680,126,163315
10,3,7,9,-3,7,3,-1,5,6,-4,9,12,1,-594,3594,316,359,5207,280,163315
11,-2,6,9,-3,0,7,-1,1,6,2,2,10,3,-256,3820,-2,386,5490,-109,163315
11,2,5,9,-3,7,3,-1,6,4,-1,8,10,3,-51,3806,748,859,6036,-784,163315
11,1,7,9,-4,5,5,1,2,4,2,4,10,7,713,3813,600,455,4795,-568,163315
14,-2,10,1,-1,5,-1,-1,3,5,1,3,9,7,283,3934,243,322,3879,-688,163315
11,0,7,9,-3,-3,6,-1,-1,6,2,3,12,1,998,3221,311,940,2955,-1369,163315
11,-2,8,4,-1,1,2,4,4,3,3,4,8,7,4901,4663,932,-1180,-2319,-546,163315
2,5,9,2,4,0,1,3,6,2,1,8,11,2,-3405,6104,204,1582,4180,-2590,163315
11,-1,12,11,4,-1,2,4,4,1,3,7,10,0,-246,3228,949,-2553,-887,464,163315
9,9,5,19,0,3,3,1,1,3,5,7,10,-2,105,3612,241,-163,10,-7,163315
12,2,10,20,-4,5,4,-4,9,-3,10,3,10,7,-170,4394,-266,242,330,-229,163315
9,11,8,22,1,5,2,1,13,-1,14,5,12,1,-53,4281,-102,-294,140,-120,163315
15,4,15,17,7,-5,7,0,8,15,0,23,8,16,-32,4266,20,-190,286,-171,163315
9,12,9,16,7,-3,8,1,7,20,0,26,8,14,15,4063,-106,-33,156,-191,163315
9,12,7,20,6,-5,7,2,8,22,1,21,10,14,-140,3997,-97,-70,226,-186,163315
9,11,8,22,7,-6,8,2,7,22,2,27,10,17,-182,4030,-67,-132,123,-99,163315
6,12,5,22,6,-3,7,2,8,24,3,26,12,17,-191,4066,0,-39,137,-48,163316
6,13,7,21,7,-4,6,2,8,25,3,27,12,18,-132,4111,-10,155,32,-57,163316
5,14,5,23,7,-6,8,3,7,26,3,27,10,15,-223,4063,-166,293,29,-100,163316
5,12,8,26,7,-4,7,4,9,26,3,25,9,15,-185,4059,-186,195,40,-104,163316
2,16,4,22,6,-5,8,5,8,28,5,23,8,13,-185,4077,-225,222,18,-165,163316
4,14,-1,24,7,-6,8,4,10,27,5,23,9,12,-196,4212,-183,355,-42,-230,163316
0,14,-5,19,7,-5,8,4,9,27,7,19,9,11,-242,4320,-304,200,12,-442,163316
3,13,0,23,-1,0,3,7,16,8,11,2,8,9,34,4845,-648,-205,-83,-872,163316
7,4,11,3,7,-3,1,12,9,12,2,4,8,10,-13,5900,-115,-1331,309,-2253,163316
11,-2,11,-2,8,-1,3,12,5,10,1,4,7,8,68,7414,813,-206,1082,-4654,163316
6,7,3,1,5,-1,-2,10,0,8,8,3,11,-1,89,6712,544,-1229,1172,-5500,163316
4,6,9,-3,6,-3,-2,8,-1,9,2,3,12,-2,-273,4731,2244,-4413,3521,-4832,163316
6,9,2,1,6,-4,5,7,0,9,-3,9,9,3,3837,3947,864,-87,5209,888,163316
12,-1,6,5,-3,-1,3,4,7,3,5,8,5,7,2439,253,1619,-2349,1460,2352,163316
10,3,4,5,3,-1,6,1,3,9,4,4,6,8,1685,3886,-121,-665,-989,4763,163316
12,2,6,8,-3,-2,5,1,3,7,9,4,7,8,457,4429,446,-2103,-509,4628,163316
7,9,2,3,7,-5,9,4,1,11,0,9,7,0,-619,6763,-224,-1426,-376,4266,163316
10,2,6,6,-1,-2,2,4,8,4,5,7,6,7,-1956,7485,362,-1519,-310,2714,163316
9,8,3,5,7,-5,6,1,2,11,-1,10,5,4,-3210,6125,-607,-1964,-1402,2730,163317
5,8,8,-2,6,-1,-3,10,0,9,2,4,10,-2,-5343,5993,-913,-268,-3067,1219,163317
10,1,10,-2,5,1,-5,10,-1,13,3,4,12,-2,-6574,7458,3338,-8111,1025,-2397,163317
5,3,4,5,1,-3,4,4,3,7,8,3,6,8,1861,4325,361,6601,570,-4040,163317
5,9,14,-2,6,-4,1,10,1,10,5,1,9,7,-1697,7034,-828,-2368,-892,-2244,163317
14,4,16,3,7,0,-3,12,0,10,9,6,11,4,-451,3369,1315,28,854,-912,163317
10,7,15,9,4,3,-3,9,6,3,13,3,11,5,-731,4608,199,563,611,-528,163317
15,7,15,18,2,2,-2,5,10,0,15,6,11,13,28,4064,-64,-304,-95,-34,163317
14,7,14,23,-3,4,5,-4,7,-1,8,7,11,14,149,4108,75,-243,-44,-222,163317
12,6,14,20,-4,1,6,-4,7,2,3,7,14,7,-67,4234,147,242,284,-318,163317
11,10,7,26,-4,5,3,1,15,1,16,7,14,0,-93,3993,-143,-42,91,-234,163317
12,3,15,21,2,-6,7,0,12,16,9,14,10,12,-168,3994,-111,28,26,-204,163317
12,1,13,23,-2,1,5,-4,7,1,4,11,15,-2,-129,4117,-114,177,38,-194,163317
12,3,13,25,-5,-3,6,2,10,16,11,16,14,0,-165,4155,-177,258,-35,-219,163317
8,10,7,23,-2,-1,4,2,11,20,6,21,10,8,-233,4197,-146,258,-157,-369,163317
5,9,-1,26,-3,3,5,4,15,16,8,21,8,11,-245,4457,-36,119,-19,-519,163317
6,10,1,14,5,-2,0,11,17,7,13,5,9,4,-25,5021,-589,132,-226,-946,163317
12,-1,12,-1,7,1,-4,15,5,11,3,4,8,8,516,6566,-604,-809,98,-2448,163317
3,6,7,1,6,1,-2,12,1,12,2,4,10,-2,1067,8995,1070,-604,1047,-5714,163317
2,5,8,0,7,-1,-4,11,-2,10,5,1,12,-2,597,6537,-715,-861,756,-6340,163317
10,8,1,3,6,-4,6,5,2,10,1,3,11,-4,1539,1613,1310,725,2656,526,163317
9,2,6,3,3,1,-3,5,8,3,4,10,4,6,6366,3142,-2714,4104,-1091,3517,163318
10,4,6,5,2,-1,2,5,6,3,5,7,4,6,3857,1118,431,-2593,-371,4511,163318
8,4,7,3,2,1,1,4,8,7,3,10,4,4,255,4421,365,-832,61,4801,163318
8,4,8,2,2,2,1,1,7,6,3,9,5,3,51,6033,-356,-2181,-311,4872,163318
10,5,7,1,3,5,0,3,8,8,1,10,4,4,-1139,7926,-314,-1231,-502,3828,163318
10,4,3,5,3,-6,7,1,4,9,3,4,8,6,-3964,7535,-128,-1429,-1338,3382,163318
11,1,6,9,-1,-2,5,4,6,8,5,8,4,8,-7667,6357,-2194,-78,-3446,2197,163318
8,1,5,7,2,-4,6,4,6,8,6,4,5,8,-6462,8554,2270,-847,6401,-6065,163318
6,6,4,5,7,-5,7,2,2,7,5,2,7,8,954,2245,2738,-1344,-1872,-1608,163318
7,9,16,2,8,-4,3,9,1,5,11,3,6,9,-1781,7078,-2040,3631,-726,-856,163318
13,4,15,4,7,0,-4,9,2,5,10,7,9,4,1133,3309,545,-1188,-1220,397,163318
12,12,13,17,-5,-1,6,-4,6,4,-1,12,6,14,119,4246,131,626,354,-349,163318
13,8,13,18,-1,-5,6,0,9,14,1,20,8,12,20,4222,-513,-37,125,-315,163318
12,8,8,17,8,-6,7,1,6,20,0,22,10,14,226,4220,140,-64,-70,-145,163318
7,11,8,20,7,-5,7,2,6,24,1,20,10,11,-59,3996,-145,256,15,-267,163318
6,11,7,22,6,-4,9,3,8,26,3,22,9,12,-64,4026,-370,463,-134,-301,163318
4,11,2,22,6,-4,8,3,7,28,3,24,9,12,-166,3866,-319,97,-109,-99,163318
5,14,4,23,6,-8,9,3,7,29,4,25,9,12,-55,4079,-220,116,91,0,163318
3,13,2,26,6,-6,8,3,6,27,5,22,8,11,-56,4275,-330,331,10,-244,163318
4,14,-6,20,8,-7,6,7,9,28,8,20,6,9,9,4457,-111,167,-76,-358,163318
7,10,2,21,-4,2,6,3,14,9,13,3,7,8,221,4909,-629,9,-152,-827,163318
7,7,7,3,7,-5,4,12,6,12,1,5,7,5,112,5508,-302,-338,91,-1740,163319
12,-5,11,-4,8,-3,4,10,5,10,1,5,8,7,479,7423,89,-275,464,-3801,163319
4,5,8,0,6,-3,-4,11,-1,9,2,8,3,1,809,7766,392,32,1069,-5649,163319
4,6,7,-1,8,-1,-4,9,-1,10,1,3,12,-2,24,4930,726,-1273,1175,-5401,163319
8,10,2,1,7,-6,4,9,-3,11,0,5,13,0,1601,1177,3654,-2290,5480,646,163319
9,4,5,6,1,-1,4,5,7,3,5,7,5,7,1751,1223,1231,1116,98,2148,163319
9,4,6,7,2,-2,3,5,6,6,7,7,5,10,2530,2709,552,-1468,-2324,5713,163319
8,4,7,4,1,-1,2,4,8,4,5,8,6,6,-2,3858,642,-1227,-231,4107,163319
9,5,5,3,2,1,1,5,8,3,5,8,6,6,-188,5943,-604,-993,-667,4064,163319
8,8,4,4,4,-4,6,6,4,6,6,4,7,9,-793,6967,169,-2270,-734,3479,163319
4,7,8,-2,6,-2,1,9,1,10,1,5,15,-4,-1687,6933,-470,-1519,-573,2692,163319
6,3,10,-1,5,-1,-5,10,-2,10,2,3,12,-2,-3721,6118,-1675,-691,-2379,2677,163319
8,2,10,-4,7,1,-4,10,1,10,4,0,13,-2,-9553,6156,-111,-1122,-483,-1018,163319
10,11,8,5,-1,-2,5,6,6,7,3,7,6,5,-1060,4407,-143,2319,-662,-487,163319
3,6,8,-3,7,-4,-2,11,0,11,0,7,8,2,2529,7050,-1421,6547,3012,-3890,163319
14,4,14,5,5,5,-3,10,0,5,11,3,9,12,411,4325,-317,822,-846,208,163319
5,7,5,2,8,-6,5,6,1,10,2,3,12,-2,-1442,3810,1537,-5010,250,-2009,163319
8,12,12,20,-2,6,-1,-2,8,-6,10,2,10,10,404,4061,-152,146,-184,146,163319
11,10,14,22,-4,5,0,-2,8,-3,9,3,8,17,168,4089,-317,-3,42,-26,163320
5,19,9,26,0,6,-2,1,9,-4,12,5,10,13,241,4319,153,28,59,-200,163320
12,10,12,26,-3,5,5,-3,8,-4,8,8,8,13,54,4111,27,117,227,-322,163320
14,3,15,25,-2,0,7,0,14,6,15,8,7,14,-61,4026,-128,92,-131,-309,163320
7,11,5,27,6,-6,8,2,8,14,12,12,12,4,-101,3991,-160,147,-126,-260,163320
6,9,7,28,4,-5,7,1,9,21,7,12,11,14,-141,4026,-118,191,-40,-164,163320
5,11,5,27,4,-6,7,2,9,21,8,16,10,12,-105,4221,-208,334,-73,-273,163320
6,13,-2,26,5,-5,7,1,8,20,9,16,9,12,-117,4223,-244,260,-151,-373,163320
4,13,-2,18,7,-6,10,2,13,13,12,9,8,9,-25,4877,41,-864,139,-860,163320
5,9,4,6,6,-3,2,14,7,10,5,5,9,9,52,5806,-148,-117,470,-1871,163320
12,-4,12,-1,5,0,0,13,5,8,2,6,8,8,787,7918,324,-1102,764,-4100,163320
5,6,5,2,6,-3,-2,8,-4,8,0,1,15,-1,1270,9163,877,361,1085,-6882,163320
8,4,3,2,2,0,0,7,7,1,4,8,1,6,-292,4414,1931,-629,2739,-6461,163320
5,7,5,1,8,-4,2,7,-1,12,-2,8,11,-1,4539,2639,1833,-2652,4530,1824,163320
10,4,7,2,4,-1,2,4,10,5,4,9,3,4,1889,-306,2751,-408,864,2915,163320
8,4,7,2,4,2,1,3,7,8,2,11,4,4,1739,3524,981,-1494,-2159,5951,163320
9,3,6,1,3,1,1,3,9,7,3,11,4,4,-33,4836,272,-1521,-75,4909,163320
9,3,3,4,7,-6,6,2,2,11,0,13,4,4,-249,7122,-747,-1205,-1272,4451,163320
11,-2,7,2,-2,5,3,2,9,10,0,10,5,5,-2745,8900,415,-978,-1972,3406,163320
11,-1,11,-3,7,2,-4,11,-3,10,3,6,15,0,-6197,6320,369,-2298,-1487,2607,163320
13,0,6,8,-1,-3,6,4,4,7,5,6,5,7,-11004,8493,-2168,-161,-4854,-2027,163320
8,3,5,5,3,-3,0,4,8,4,5,7,3,5,5292,4821,-726,3545,365,-1943,163321
10,4,16,-1,6,1,-5,11,1,11,3,4,11,-3,-4358,6026,-523,91,3071,-2638,163321
15,0,16,3,6,-4,0,8,3,7,9,8,9,6,723,3027,2125,-1691,-1385,280,163321
12,3,11,18,-6,4,3,-5,10,-2,11,5,10,5,-147,4630,-483,2254,154,-476,163321
10,7,13,20,-3,-3,7,-3,7,1,5,10,11,4,237,4133,-391,-489,-441,-6,163321
10,8,15,23,-3,-3,6,2,9,15,7,10,12,4,305,3985,60,-242,112,-152,163321
12,4,11,23,3,-4,6,1,6,22,0,27,10,11,-124,4184,-266,270,117,-411,163321
9,7,11,25,-4,2,4,1,8,21,1,22,12,3,-34,4168,-102,146,-152,-431,163321
6,8,5,27,-4,1,5,4,10,22,0,25,9,11,-206,3869,-263,235,11,-240,163321
4,12,-4,31,1,1,3,2,12,20,0,26,9,9,-284,4024,-248,100,-46,-167,163321
4,13,1,29,-1,2,3,3,11,20,4,26,8,10,-262,4064,-395,138,-23,-189,163321
5,13,-1,31,-1,3,4,2,11,18,3,24,9,9,-320,4077,-340,111,-25,-162,163321
3,12,-5,32,-1,3,4,6,15,14,7,20,8,9,-178,4239,-358,221,37,-225,163321
4,13,-5,27,0,2,2,6,16,2,13,8,8,9,-66,4614,-360,-123,-5,-534,163321
2,14,0,13,6,-6,2,11,9,9,3,5,7,10,-109,5191,-359,-59,122,-1348,163321
7,4,10,0,8,-6,5,10,4,9,3,5,7,10,361,7133,30,-528,640,-3056,163321
10,1,11,-4,6,-1,-4,13,-3,11,0,4,11,-2,611,7101,99,767,468,-5200,163321
11,2,4,6,3,-4,6,0,5,11,-1,8,3,4,-1671,4562,1995,-2616,1486,-5049,163321
10,6,4,3,3,-1,1,6,8,3,4,8,4,7,349,2051,2522,652,5066,-458,163321
8,3,7,2,2,2,3,1,8,9,1,10,4,5,3280,1516,-1033,3026,-949,2203,163321
6,5,7,-2,6,-2,0,8,0,10,0,10,10,3,3407,1123,-1,-2504,-3010,4629,163321
5,5,9,-1,7,-1,-1,11,0,10,2,8,12,1,-134,4024,-233,-289,-417,4082,163322
6,6,9,0,6,-4,-4,8,0,11,1,4,12,-3,-755,5326,-613,-1609,-60,4048,163322
3,4,11,-4,5,-1,-2,10,-1,11,-1,8,10,4,-1338,6612,-125,-1096,-502,3322,163322
4,6,10,-3,6,-1,-3,9,0,11,2,5,13,-2,-2355,7004,494,-1138,-364,1986,163322
5,7,10,-2,7,-3,-1,11,0,12,2,5,12,-1,-2550,5854,-917,-1159,-1604,1449,163322
12,1,9,-2,7,1,-4,11,1,11,4,4,13,-2,-3842,4270,-492,-1328,-2858,1166,163322
11,3,11,1,6,1,-5,12,-1,13,3,3,12,-1,-4730,3928,218,-59,205,-1366,163322
10,-2,10,-2,4,2,-5,12,1,11,4,3,12,-3,177,5568,-658,4786,1268,-2567,163322
6,7,2,6,7,-6,8,2,2,9,1,4,7,8,625,4155,-251,-1273,-925,-1472,163322
7,4,8,8,-4,5,3,-2,7,4,-1,9,3,4,-1073,4286,-403,1123,16,-649,163322
7,4,16,1,6,-3,-4,6,-1,-2,7,4,7,8,-290,4154,-241,186,-124,-226,163322
14,2,11,10,0,3,2,3,10,15,1,7,13,-2,-176,3899,261,-53,37,-61,163322
12,1,15,6,3,2,-1,0,13,8,11,4,12,-1,-213,3931,-145,-200,117,-50,163322
10,7,13,16,4,-4,6,1,12,7,11,7,8,10,-286,4209,-174,-149,111,-134,163322
10,7,15,20,5,-4,7,2,12,9,15,5,11,10,-224,4424,60,120,181,-205,163322
13,5,12,26,-3,4,4,-1,16,6,12,6,13,3,-256,4078,-204,210,100,-185,163322
12,3,15,21,3,-4,7,2,9,18,10,4,11,6,-393,3918,-262,205,-25,-149,163322
8,10,9,26,0,5,3,1,15,6,12,6,13,-1,-389,3911,-281,129,-18,-37,163322
12,3,14,23,6,-7,7,2,9,17,11,6,8,8,-364,3983,-339,48,42,-5,163323
12,4,16,24,1,-5,6,3,12,17,13,5,11,8,-309,4104,-361,98,6,-16,163323
8,10,9,27,-2,5,4,2,17,5,12,12,8,5,-236,4211,-264,168,28,-128,163323
13,2,15,25,-2,3,5,2,15,10,15,4,9,9,-410,4066,-359,160,-10,-138,163323
8,13,5,30,-3,5,4,3,18,6,14,7,8,9,-329,4222,-150,-35,38,-212,163323
5,13,3,23,3,-2,1,7,13,10,9,4,9,7,-402,4506,-92,131,-51,-397,163323
3,10,3,9,7,-5,7,7,7,13,2,4,7,9,451,6633,-544,-790,202,-1788,163323
12,-1,6,8,0,-1,4,5,1,0,3,5,7,7,324,6413,109,391,1053,-3866,163323
11,2,9,-3,7,-1,-2,13,-3,11,2,3,11,-2,-287,5905,163,-27,807,-4654,163323
6,6,9,-1,7,-1,-1,9,0,10,2,5,12,-3,-1931,2591,1414,-72,2222,-4036,163323
7,6,8,1,7,-4,1,10,1,10,2,4,14,-4,3774,2548,-104,-1373,3022,920,163323
13,0,6,8,-2,0,6,5,5,6,5,10,6,8,2259,-77,1392,-2856,244,1903,163323
6,5,8,1,7,-4,0,9,0,11,2,3,10,-4,-7,3547,550,-2272,-555,3392,163323
8,6,7,-1,8,-4,3,8,1,12,-1,10,9,2,-778,4553,337,-2217,-130,3340,163323
12,3,6,9,-2,1,3,5,7,5,5,7,6,8,-1778,6652,-505,-849,-930,2902,163323
9,12,2,5,7,-5,7,4,2,9,2,5,8,9,-4613,6702,-292,-108,-1674,1580,163323
12,1,10,-1,3,5,0,0,6,2,-1,9,8,3,-5486,4352,-693,-694,-1292,-424,163323
13,1,8,6,0,0,1,3,2,2,3,6,10,3,-4525,4014,-1593,-830,-1002,-2167,163323
12,0,9,1,-1,4,1,-1,3,5,-2,3,10,-3,-3694,5033,1452,3890,3917,-2121,163323
12,-1,9,11,-2,-2,4,5,5,5,3,4,8,8,107,5886,440,100,-1440,-390,163323
3,11,3,15,1,1,1,5,9,16,3,7,12,0,221,3772,-339,-92,-646,-82,163323
3,10,5,15,4,0,2,7,12,7,10,3,9,10,-479,4177,62,327,129,-231,163324
3,14,5,9,2,2,-1,5,15,4,13,3,9,10,-295,3999,-321,29,-123,-134,163324
3,11,3,21,-3,4,4,2,15,9,14,8,8,10,-509,4068,218,-12,136,-124,163324
3,13,5,23,5,-7,8,3,10,19,13,9,10,11,-401,4155,-96,84,-3,-46,163324
2,16,4,26,6,-6,8,2,11,18,10,12,7,11,-621,3960,-206,201,-38,-127,163324
3,11,8,24,2,-4,7,3,11,23,9,13,9,12,-464,4163,-87,381,-29,-31,163324
3,17,5,27,6,-6,8,2,12,18,13,9,8,9,-455,3950,-223,76,-34,-55,163324
2,14,4,25,5,-5,8,3,10,17,10,10,7,11,-449,4234,168,280,329,-305,163324
2,15,7,25,5,-4,8,3,13,21,10,14,7,10,-292,4105,-373,121,-212,-106,163324
2,16,-1,23,7,-7,10,3,11,20,11,18,6,9,-492,4268,-132,71,-46,-309,163324
5,15,1,26,-1,2,5,3,19,11,11,9,6,9,-519,4198,-479,-9,18,-299,163324
1,14,-1,26,4,-1,1,10,14,13,13,2,7,9,-287,4113,-68,-243,141,-551,163324
2,17,-2,28,-1,2,3,6,15,16,11,4,8,11,-1278,3182,-644,385,282,-489,163324
2,15,3,25,2,-3,5,7,14,14,12,6,8,10,-1234,3681,347,-445,290,361,163324
10,4,8,25,67,35,36,4,17,13,14,3,8,11,-254,4997,-867,466,85,-293,163324
4,14,1,23,3,-1,4,8,14,11,14,3,7,11,-357,4457,-350,-693,-72,-481,163324
2,15,0,15,6,-4,2,9,13,15,10,6,8,8,-1107,3834,26,-123,664,-862,163324
3,15,3,8,6,1,-4,14,8,13,12,5,8,12,-625,5288,-709,-996,-49,-1298,163324
12,0,12,6,5,-4,3,6,9,9,10,4,7,10,-37,7324,379,74,-55,-3326,163324
8,6,8,4,0,4,4,2,8,11,4,6,9,7,1128,7635,-285,2627,-288,-5611,163324
7,5,6,8,-3,6,4,-1,2,7,5,5,8,10,2825,-1381,3038,4216,1988,-3599,163324
14,1,6,8,-4,-3,5,0,-1,2,6,4,8,10,5285,2176,-2299,-219,-505,3830,163325
7,7,5,11,-3,2,5,0,1,3,4,4,7,10,-1564,6587,271,-2475,382,3124,163325
13,1,7,7,1,0,1,4,4,1,2,6,13,-2,2266,727,1358,-3781,1040,3670,163325
10,8,6,4,5,-4,3,5,-2,4,7,5,8,10,-1907,7604,-324,-1002,-69,1267,163325
10,1,8,3,1,0,3,3,2,2,4,5,10,0,-1099,6514,-450,-1024,1145,3878,163325
9,4,7,4,4,0,0,6,3,0,4,8,9,6,-2979,7506,-662,-129,-1878,1788,163325
12,0,9,5,1,2,3,2,3,3,2,5,11,1,-4755,3764,-243,-2157,-1385,1430,163325
11,3,9,0,3,4,1,2,3,5,4,5,9,9,-6556,4603,19,-799,-622,261,163325
12,1,7,3,0,0,0,2,2,3,3,5,9,5,182,7467,-1686,5041,2662,-1836,163325
5,6,4,3,5,-2,-4,5,-1,-2,4,8,5,6,-169,2843,1779,-2244,-2649,919,163325
11,3,13,2,6,0,-4,10,1,5,11,3,9,6,-73,4011,-1188,1724,163,-435,163325
12,2,11,16,1,0,1,7,12,0,14,5,10,10,-29,4491,124,-344,-429,3,163325
11,4,9,19,-4,3,4,-3,8,-2,9,4,13,1,114,3759,427,-475,23,85,163325
9,10,7,20,3,1,2,2,9,10,4,19,11,17,-49,4011,41,-343,168,-68,163325
13,3,12,23,-3,4,4,0,9,12,4,24,13,20,-36,4389,297,-119,118,-157,163325
12,1,14,24,-4,-1,5,2,9,12,3,24,15,10,-112,4223,182,19,52,-197,163325
10,10,5,27,-2,3,5,2,11,11,7,28,12,20,-145,4035,153,84,10,-213,163325
12,2,14,23,-1,-2,7,3,9,15,3,27,13,16,-241,3936,87,50,-15,-128,163325
12,1,15,23,2,-6,9,1,10,17,5,30,13,16,-223,4084,152,17,4,-103,163326
10,6,11,24,5,-5,8,3,9,21,3,31,14,13,-260,4055,47,121,4,-52,163326
8,7,9,24,5,-7,8,2,10,22,7,32,15,16,-229,4093,24,94,-35,-90,163326
5,13,7,26,6,-6,8,3,8,21,8,32,12,17,-241,4137,72,151,48,-157,163326
9,8,11,23,21,19,7,3,11,20,10,30,10,15,-302,4067,-19,158,21,-147,163326
9,5,15,24,37,28,35,3,12,21,10,33,10,13,-354,4067,-20,165,33,-165,163326
4,15,-3,25,8,-7,9,3,10,23,9,32,10,12,-314,4139,46,13,16,-185,163326
4,13,1,24,1,-3,7,4,13,20,7,27,8,11,-335,4471,-31,287,55,-391,163326
8,4,7,15,25,15,38,6,16,2,14,6,8,9,-66,4901,-198,-194,37,-925,163326
10,2,12,5,7,-6,8,7,11,3,5,8,4,5,-268,5261,-193,-137,-17,-1554,163326
8,6,8,-1,7,-4,4,7,-1,11,-1,9,5,1,-1629,5135,1234,-749,945,-3556,163326
6,6,9,0,9,-6,7,4,5,11,3,3,6,9,-362,5534,410,31,399,-2601,163326
12,1,3,6,2,0,0,5,9,5,6,11,3,6,937,1483,1943,1033,3614,185,163326
7,5,7,-1,5,-2,-3,12,-3,11,4,2,12,-1,-849,5473,447,-251,649,-3756,163326
8,6,8,0,6,-4,1,9,1,9,1,5,10,0,3182,2421,-1084,1447,-174,2537,163326
9,11,3,5,6,-4,6,6,3,6,8,4,6,8,2381,1715,366,-2567,-1305,3886,163326
9,2,8,8,-1,1,2,3,7,4,4,10,5,4,-143,4293,-99,-427,89,3342,163326
9,4,9,0,6,-1,-3,12,0,10,6,4,8,8,-494,5613,-308,-1720,-168,3302,163326
12,4,9,0,3,1,1,4,7,8,3,10,5,4,-554,6262,-51,-1696,-282,2831,163326
11,8,4,6,3,-3,5,5,5,7,7,7,5,7,-1728,6670,-403,-680,-876,2024,163326
13,-1,8,5,0,0,2,4,6,6,5,10,5,3,-2232,5445,-932,-557,-1920,2014,163326
10,3,9,-2,7,0,-4,11,0,11,8,5,10,7,-5310,4365,-3,-837,-2109,268,163327
8,12,2,6,8,-4,8,2,3,11,1,9,6,4,-2847,3763,0,-112,-510,-886,163327
10,1,10,-3,6,-2,-3,10,-1,11,3,4,11,-5,2354,4408,-53,4087,-1117,-2039,163327
7,8,3,4,5,-4,5,7,6,6,8,5,4,8,-882,5284,-1421,-167,1127,-2777,163327
12,2,13,1,7,-1,-2,5,1,0,6,9,5,4,-1829,4055,451,205,1095,-1347,163327
7,9,10,14,1,2,2,3,3,1,3,7,12,-2,-230,3760,561,-661,-413,11,163327
13,4,11,18,1,1,1,6,13,0,14,3,11,11,-74,4068,416,-8,-26,-22,163327
12,5,9,21,1,1,3,4,11,-1,15,3,15,1,-168,4008,-170,-285,-41,-19,163327
12,4,13,25,-1,-2,3,5,11,9,6,21,6,19,-124,4257,236,-144,25,-75,163327
14,3,14,25,-2,0,3,5,11,9,5,26,5,19,-211,4175,114,94,125,-101,163327
12,9,12,25,0,-1,4,5,10,10,5,22,10,5,-178,4093,81,64,66,-153,163327
9,14,5,28,1,3,1,2,11,13,4,22,10,18,-217,3991,36,16,-47,-113,163327
8,14,5,29,3,2,3,3,11,15,2,22,9,17,-227,4064,-60,88,9,-89,163327
8,13,3,31,1,2,2,3,12,17,4,22,12,15,-196,4120,-63,61,30,-120,163327
8,8,9,29,1,-1,3,6,13,19,4,24,12,16,-241,4088,-7,59,36,-85,163327
8,8,10,27,1,-1,2,6,12,15,6,25,10,14,-280,4052,-4,84,10,-123,163327
6,11,8,28,2,-3,4,8,12,15,5,25,10,16,-405,4056,-5,196,85,-74,163327
5,11,7,28,3,-5,5,7,13,11,9,24,8,13,-341,3956,-139,200,82,7,163327
4,12,5,28,2,-4,6,8,13,12,9,19,8,12,-347,4253,45,329,-26,-139,163327
4,14,-1,28,5,-2,4,8,13,4,10,17,8,9,-224,4426,17,77,-108,-286,163327
3,15,-4,17,5,2,-3,13,5,8,9,2,8,10,-31,5541,-47,-167,318,-1105,163327
13,0,13,-2,9,-1,-1,14,3,10,2,4,8,9,-184,5421,-75,-335,528,-2288,163328
13,0,12,-5,5,-1,-2,12,0,11,2,7,8,5,-157,5848,-302,257,329,-3305,163328
12,-2,11,-2,6,-1,-3,13,-1,11,-3,11,3,3,-1103,4173,503,-1027,301,-3575,163328
9,7,2,5,4,-4,5,7,3,4,6,3,6,8,-1374,3577,431,785,1846,-2823,163328
13,1,4,8,-2,-2,4,0,6,11,0,11,4,2,2810,1826,347,-239,3220,1289,163328
12,0,8,3,0,2,1,3,9,6,4,10,2,3,2419,1408,-547,202,104,2770,163328
10,3,8,2,1,1,2,3,7,7,3,10,4,4,375,3597,261,-2020,-1550,3551,163328
11,5,4,6,-1,-5,6,6,4,6,7,7,6,7,-551,4709,435,-1147,-345,3013,163328
12,0,8,3,-1,2,4,4,8,7,4,8,7,7,-461,5867,-73,-749,-564,2686,163328
11,6,9,0,8,-4,3,9,2,10,3,4,9,6,-657,6322,269,-1278,-756,2343,163328
12,4,6,11,-1,-1,5,3,6,7,3,7,6,6,-1501,5955,151,-763,-750,1558,163328
7,6,11,1,7,-2,-1,10,2,11,7,4,10,8,-1936,4756,-120,-1254,-734,1208,163328
11,3,11,-1,7,-2,-2,11,1,11,1,8,12,0,-2902,4367,-230,-968,-524,-2,163328
7,7,8,-1,7,-4,4,8,2,10,1,10,10,1,-2340,4133,-165,-41,-465,-606,163328
11,2,11,3,0,3,3,3,7,8,5,9,8,5,-1535,3588,179,242,-402,-985,163328
8,5,7,0,6,-5,5,8,2,11,6,3,9,7,1297,5583,-699,916,599,-1539,163328
11,0,11,-1,5,-1,-4,13,-1,9,4,4,10,-1,572,2905,829,-393,-1393,-1036,163328
10,5,6,7,2,-2,6,6,7,4,5,11,4,4,-1470,4527,-824,2411,-571,-43,163328
11,1,13,0,4,1,-2,5,6,-1,7,10,4,4,617,3562,-805,-468,-1217,348,163329
5,12,1,19,-2,7,-1,-3,8,-5,12,3,8,7,192,4258,256,175,-289,-137,163329
8,11,4,21,1,2,2,5,13,-1,15,6,8,11,-126,4031,-87,199,78,-115,163329
9,12,3,26,1,4,2,3,12,8,8,14,8,13,4,4068,-272,-102,-297,-60,163329
10,13,5,24,0,4,2,2,10,15,4,26,7,17,-261,4229,197,-42,184,-161,163329
12,5,10,26,-3,3,4,3,11,18,3,27,7,17,-156,4146,-68,-35,30,-127,163329
12,2,13,24,-2,1,4,3,11,20,2,24,15,1,-258,4059,28,19,57,-132,163329
14,5,14,24,-2,0,5,3,9,19,3,17,13,1,-237,3987,38,28,76,-64,163329
12,5,14,26,-3,2,6,3,9,20,3,30,10,15,-244,4041,-86,68,29,-43,163329
12,6,11,30,-3,4,5,3,11,20,2,30,11,15,-236,4098,2,-6,127,-47,163329
11,12,7,31,-1,4,3,6,12,21,5,30,11,16,-263,4072,23,-24,96,-56,163329
10,9,11,28,-2,1,5,4,12,23,3,29,11,17,-290,4062,14,49,45,-93,163329
7,13,6,32,0,2,5,5,12,21,4,28,12,16,-314,4071,-15,70,39,-117,163329
6,13,5,31,-1,3,3,5,13,23,4,30,12,15,-296,4059,-81,83,11,-81,163329
5,16,5,31,-1,4,5,4,14,21,4,28,9,15,-361,4065,-39,123,142,-123,163329
4,14,0,31,0,3,4,4,12,20,6,28,8,13,-317,4267,-29,190,-49,-213,163329
2,13,3,25,0,-2,5,7,12,15,6,23,7,10,-327,4309,28,205,31,-358,163329
4,11,-1,22,-2,1,1,10,16,2,11,5,6,10,-97,5141,-280,89,122,-924,163329
14,-4,12,1,7,-4,2,11,6,9,4,4,7,10,-110,4958,-346,-476,234,-1747,163329
14,1,11,-2,7,-1,-5,16,1,11,2,3,11,2,-498,5073,-360,121,154,-2522,163329
12,2,11,-2,6,1,-4,12,-2,11,1,4,9,0,-645,5028,21,-455,75,-3122,163329
9,11,1,3,6,-6,6,7,5,6,5,8,4,9,-1636,4268,-429,-828,466,-3272,163330
12,-2,8,-2,0,4,2,1,7,8,0,9,1,3,-1709,1713,553,-1994,1183,-2221,163330
11,2,7,7,0,0,1,4,8,2,2,8,4,3,3901,4426,-3058,3103,-1734,3606,163330
9,6,6,1,7,-3,1,9,0,10,1,4,12,-4,1728,511,764,-1809,965,3038,163330
9,14,2,4,6,-5,9,3,4,10,3,6,12,2,190,3985,-859,467,649,3481,163330
9,7,4,6,7,-6,9,1,3,10,3,4,10,4,-1477,5000,117,-579,-1724,4289,163330
8,14,1,5,8,-6,10,2,3,10,4,6,8,4,-4085,6356,722,186,-2859,2508,163330
7,7,10,-1,8,0,-1,11,1,10,4,2,11,1,-7771,6315,2621,-3152,-1277,-1554,163330
12,3,9,5,4,-4,8,3,6,11,1,11,9,1,-3257,6602,24,4766,4912,-3901,163330
1,16,5,4,4,-2,-4,7,-1,1,9,4,9,7,-642,3382,430,-3419,-1460,593,163330
2,16,2,19,-2,5,2,-4,8,-3,9,7,7,9,314,3703,176,688,-110,65,163330
1,16,-3,19,5,3,0,1,15,1,11,11,8,11,-346,4553,-759,645,159,-154,163330
1,17,0,20,3,2,1,2,14,2,11,13,5,9,-201,4068,-212,-521,-180,2,163330
1,17,0,23,2,2,2,3,12,8,10,15,9,10,-254,4068,-95,103,67,-76,163330
2,15,-3,27,2,3,2,1,12,9,11,16,8,10,-331,4066,-299,90,67,-48,163330
1,17,-1,27,1,2,1,2,13,6,9,22,6,11,-332,4015,-253,-73,9,-19,163331
2,16,1,31,2,2,3,3,14,10,10,20,9,11,-280,4070,-249,17,-13,-18,163331
1,15,2,28,2,3,3,2,15,8,11,20,8,10,-312,4028,-200,-10,21,-6,163331
1,14,8,25,20,16,21,5,12,12,9,22,9,11,-288,4039,-210,-73,-47,1,163331
2,16,1,31,0,2,1,2,12,11,10,18,9,12,-315,4057,-231,-69,2,9,163331
5,11,11,26,27,19,29,4,11,11,9,22,7,12,-302,4045,-195,-10,21,-13,163331
3,10,13,26,29,23,36,4,14,8,11,24,8,10,-342,4027,-228,-19,57,6,163331
5,11,13,26,32,23,40,5,14,8,12,25,8,13,-330,4067,-237,-5,48,1,163331
3,11,11,25,32,23,42,5,14,8,10,24,9,11,-320,4038,-227,-32,54,9,163331
4,15,8,26,34,22,38,6,14,6,13,24,8,11,-284,4070,-202,-16,42,-16,163331
3,16,8,26,32,23,36,6,14,3,13,24,6,11,-313,4024,-205,-20,66,3,163331
4,17,7,26,33,23,39,5,15,4,14,23,7,9,-338,4043,-250,23,30,-14,163331
4,15,9,29,35,24,39,7,12,8,13,23,8,13,-317,4065,-237,-5,29,-16,163331
2,16,8,27,33,24,44,8,18,5,13,23,6,10,-318,4049,-252,4,-3,-30,163331
3,15,8,28,36,25,44,7,14,5,14,25,9,10,-328,4048,-254,13,11,-19,163331
3,15,9,28,37,25,45,8,15,6,13,24,8,12,-325,4026,-254,-24,25,-1,163331
4,16,7,26,33,24,43,7,15,3,14,24,7,10,-302,4039,-258,-11,21,17,163331
3,16,6,30,1,-2,0,8,15,3,15,24,6,11,-324,4052,-245,-2,31,-2,163331
2,16,6,31,1,-1,2,7,13,5,13,24,10,11,-335,4039,-286,2,42,-14,163331
2,17,3,31,1,0,2,8,15,6,14,21,8,10,-331,4045,-274,-4,28,1,163331
2,17,5,31,0,0,1,7,15,5,13,22,9,11,-322,4035,-273,-27,-1,8,163331
1,17,6,30,1,0,2,7,14,5,13,21,9,13,-293,4050,-273,-4,-4,5,163331
2,17,3,30,1,1,2,7,15,5,14,22,7,11,-310,4040,-284,-9,7,-8,163331
0,17,5,29,1,0,0,9,16,4,15,22,7,11,-327,4045,-289,14,18,-29,163331
2,16,5,29,1,0,1,8,15,3,13,23,7,12,-334,4045,-298,-1,9,-29,163332
1,16,4,30,3,-1,-1,8,15,3,14,22,7,11,-315,4035,-281,-31,15,-11,163332
3,17,4,29,2,-1,-1,8,16,6,13,21,7,11,-360,4038,-303,15,32,-26,163332
3,19,4,28,2,0,1,7,15,3,13,22,7,10,-355,4043,-311,-20,8,-22,163332
1,18,3,28,0,0,-1,7,16,4,13,21,6,11,-344,4051,-291,-16,13,-19,163332
0,18,2,28,2,-1,0,7,15,4,13,20,8,10,-357,4045,-293,-34,14,-22,163332
1,18,2,29,2,1,2,8,16,3,14,20,6,12,-355,4045,-302,-20,18,-14,163332
1,18,3,29,2,1,1,10,18,5,14,23,8,11,-351,4016,-305,-50,-5,1,163332
0,19,3,30,2,-1,1,9,17,7,15,21,8,10,-337,4054,-287,-11,-1,-13,163332
-1,18,2,27,2,0,0,8,15,4,15,19,8,10,-358,4036,-294,-30,9,-16,163332
2,18,2,27,2,-1,-2,9,17,6,13,21,7,12,-361,4040,-286,-37,11,-22,163332
0,18,2,28,1,0,-1,9,17,4,13,18,8,9,-372,4035,-296,-19,19,-16,163332
0,18,2,29,2,-1,-1,8,15,3,15,22,7,10,-356,4041,-314,-25,6,-29,163332
0,18,2,29,2,0,-1,9,16,4,14,19,8,11,-377,4039,-302,-28,12,-39,163332
0,18,2,29,1,-2,1,8,16,4,14,19,7,11,-370,4041,-301,-24,8,-33,163332
-1,17,1,27,5,0,0,9,16,3,12,17,8,10,-383,4046,-301,-12,16,-35,163332
2,18,-1,26,4,0,-1,9,15,4,14,19,8,12,-402,4029,-304,-26,32,-35,163332
1,18,1,27,3,-1,0,9,15,4,15,18,8,10,-413,4030,-304,-20,37,-28,163332
1,17,0,29,3,-1,-1,9,16,6,14,20,7,10,-404,4031,-306,-27,22,-18,163332
0,18,0,29,3,0,0,11,19,5,12,19,7,10,-399,4044,-297,-27,14,-20,163332
2,17,1,26,2,-1,0,10,16,3,14,18,7,10,-412,4032,-315,-16,22,-15,163332
2,18,0,28,3,0,-1,8,18,4,14,18,8,11,-404,4037,-308,-23,7,-6,163333
0,18,-1,28,4,-2,0,10,15,4,14,15,8,13,-397,4043,-307,-23,8,-16,163333
1,17,0,28,2,-1,-1,11,16,6,12,18,6,12,-416,4047,-297,-18,27,-22,163333
2,18,1,28,2,1,0,9,16,4,14,18,8,11,-411,4038,-309,-20,24,-19,163333
0,17,2,29,2,1,0,9,18,5,13,18,9,11,-412,4026,-319,-18,17,-17,163333
1,17,0,26,1,0,0,9,18,4,13,19,7,11,-421,4017,-321,-21,19,-8,163333
2,17,1,28,2,-1,-1,9,16,4,13,16,7,11,-418,4022,-324,-26,16,4,163333
3,18,3,29,2,0,0,9,17,5,14,19,7,13,-402,4041,-325,-23,-2,1,163333
1,18,0,28,4,0,0,11,17,6,14,18,8,12,-416,4040,-309,-17,9,-1,163333
1,19,0,27,3,-1,1,11,15,3,13,17,7,12,-417,4017,-326,-25,8,8,163333
2,17,1,28,2,0,0,9,17,6,14,18,8,11,-420,4027,-311,-33,12,17,163333
2,18,2,29,3,0,2,9,17,4,15,16,9,11,-397,4049,-311,-26,-4,12,163333
1,17,0,30,2,1,0,8,17,6,14,19,6,12,-395,4039,-315,-23,-4,7,163333
0,17,0,30,3,-1,0,10,18,7,13,18,7,11,-400,4035,-315,-29,9,-1,163333
0,20,2,28,1,-1,-2,9,14,4,14,15,8,12,-404,4027,-319,-24,16,9,163333
0,18,0,29,2,-1,0,9,18,6,14,20,7,11,-386,4040,-314,-35,15,9,163333
1,18,1,30,2,1,-1,10,17,6,15,18,8,11,-389,4040,-309,-29,14,3,163333
0,18,0,29,3,-2,0,9,16,5,13,18,7,12,-391,4036,-319,-30,7,11,163333
2,19,0,28,1,-1,-1,8,18,6,12,18,7,13,-391,4037,-309,-32,10,12,163333
-1,18,0,29,3,2,-1,9,16,5,15,17,6,13,-387,4029,-314,-32,6,10,163333
2,19,-2,30,3,-3,0,9,16,5,17,15,8,11,-384,4042,-297,-32,18,3,163333
1,18,0,28,1,1,1,9,15,4,15,17,7,12,-385,4040,-299,-31,15,3,163334
2,18,5,29,7,5,0,9,17,6,14,19,7,11,-377,4039,-297,-34,13,3,163334
0,18,3,22,30,20,28,8,17,4,14,18,10,13,-377,4039,-300,-34,14,3,163334
1,17,5,22,35,25,40,10,17,3,14,18,10,12,-381,4033,-301,-37,19,5,163334
1,18,4,28,37,27,48,11,16,4,17,17,9,12,-363,4045,-291,-32,14,7,163334
0,15,6,28,38,27,49,9,17,3,14,19,8,12,-361,4047,-297,-31,5,4,163334
0,15,5,27,39,27,48,9,16,5,15,21,8,12,-363,4037,-298,-30,5,0,163334
2,15,8,26,35,28,49,8,18,7,13,20,7,12,-371,4032,-301,-36,6,11,163334
1,17,8,26,38,28,52,8,17,6,14,21,7,12,-369,4039,-285,-34,10,9,163334
2,16,6,27,38,27,48,7,18,6,13,22,6,11,-360,4034,-292,-33,5,13,163334
1,18,4,27,37,26,45,10,16,6,14,21,7,12,-358,4037,-286,-29,6,14,163334
2,17,6,27,11,16,9,7,17,5,16,20,9,12,-341,4049,-283,-31,1,9,163334
